public/layers/ocf.json
{"header": { "refTime": "2020-06-19T00:00:00.000Z", "parameterCategory": 2, "parameterNumber": 3, "surfacelType": 104, "surfacelValue": 0.0, "forecastTime": 3, "scanMode": 0, "nx": 101, "ny": 61, "lo1": 80, "la1": 60, "lo2": 180, "la2": 0, "dx": 1, "dy": 1 }, "data":
[rows 0 to 35 of 61, columns 0 to 80 of 101]
3.44,4.17,5.07,6.23,4.60,2.80,1.61,0.07,-1.07,-1.87,-1.82,-1.53,-1.25,-0.75,-0.09,-0.52,-1.63,-1.96,0.31,1.49,1.65,1.84,2.70,3.24,7.67,6.22,3.73,3.18,2.43,0.80,-0.18,-0.48,-0.27,0.41,0.41,0.80,0.87,1.02,0.41,-0.00,0.80,2.28,2.08,3.01,3.27,2.52,1.85,-0.39,1.06,0.27,-0.31,-0.66,-1.76,0.75,1.20,0.32,0.41,0.52,0.39,0.28,-0.83,-0.51,0.03,0.36,0.39,0.44,0.73,0.92,1.05,0.89,0.53,0.24,-0.52,-1.49,-2.66,-3.17,-2.95,-3.11,-2.98,-2.59,-2.16
2.77,3.69,4.33,4.20,4.21,4.07,1.99,0.23,-1.11,-0.84,-0.40,-0.05,-0.16,-0.20,-0.66,-0.99,-1.21,-3.24,-0.90,1.65,0.75,1.88,2.35,2.47,3.32,2.99,2.99,3.67,2.59,1.17,0.21,0.29,0.58,0.28,-0.41,-0.17,1.01,1.49,1.80,2.15,2.08,1.26,2.04,1.11,1.20,4.05,2.29,1.66,0.42,0.97,1.08,1.69,1.23,0.87,0.79,0.66,0.52,-0.50,-1.25,-1.14,-0.36,-0.22,-0.21,-0.57,-0.46,-0.14,0.44,0.71,0.67,0.57,0.31,-0.38,-1.15,-1.42,-1.73,-2.17,-2.48,-2.68,-2.77,-2.57,-2.17
3.03,3.44,4.10,3.97,3.53,3.19,3.43,3.19,2.06,2.19,0.88,0.47,0.86,0.61,-0.33,-1.43,-2.50,-3.17,-0.09,1.47,1.69,1.62,2.55,1.60,1.51,2.96,2.33,1.58,1.88,2.54,0.85,2.02,0.60,0.40,0.64,0.55,0.10,0.05,0.87,2.29,2.15,1.15,3.06,3.69,3.16,1.10,2.28,1.44,1.15,1.26,1.41,1.07,0.52,0.42,0.55,0.44,-0.02,-0.27,-0.52,-0.49,0.14,0.01,-0.40,-0.71,-0.71,-0.60,-0.42,-0.04,0.14,0.13,0.05,-0.25,-0.76,-1.23,-1.66,-2.07,-2.28,-2.45,-2.54,-2.51,-2.34
3.12,2.99,3.16,3.77,3.99,3.91,3.86,4.97,6.15,4.38,3.28,2.03,1.68,0.83,-0.07,-1.74,-4.48,-4.16,0.76,-0.99,0.52,1.58,1.13,1.13,1.12,3.17,2.81,1.59,1.94,2.62,3.61,4.04,1.67,0.70,1.25,0.10,0.44,0.02,0.52,0.68,0.90,-0.12,2.65,4.10,3.93,3.05,2.46,1.94,1.15,1.49,-0.18,0.89,0.37,0.29,0.61,0.33,-0.06,-0.26,-0.38,-0.29,-1.05,-0.75,-0.66,-0.55,-0.61,-0.72,-1.00,-1.19,-0.98,-0.78,-0.73,-0.88,-1.22,-1.65,-1.96,-2.25,-2.35,-2.47,-2.67,-2.78,-2.71
2.68,2.97,3.03,3.66,4.21,4.50,4.96,6.14,6.13,5.00,5.09,4.15,2.74,1.98,1.21,-0.62,-2.44,-0.88,-0.78,0.63,1.53,1.29,0.74,1.03,1.41,-0.07,-1.14,-1.55,-1.37,0.37,2.68,3.62,3.99,4.42,1.10,0.54,0.16,-0.13,1.02,-0.13,0.67,0.97,1.45,3.08,3.51,3.06,2.41,1.67,1.17,-0.98,-1.96,-2.51,-0.16,-0.15,0.14,0.30,0.10,-0.31,-0.38,-0.36,-0.31,-0.08,-0.24,-0.44,-0.62,-0.80,-0.98,-1.21,-1.43,-1.61,-1.82,-1.97,-2.02,-2.31,-2.80,-2.92,-3.03,-2.99,-2.99,-3.11,-3.02
0.62,1.78,3.20,4.07,4.49,4.36,4.89,5.40,5.84,5.63,5.55,5.19,3.93,2.92,2.04,0.99,0.73,-1.66,-1.78,0.52,1.67,-0.05,0.85,0.30,1.87,-0.35,-2.45,-2.67,-2.46,-1.60,0.22,2.60,4.20,4.62,4.23,0.63,0.85,0.47,0.45,3.04,0.20,-0.57,-0.33,1.36,1.13,0.91,0.45,-0.69,-2.05,-2.83,-2.91,-2.53,-1.49,-0.46,-0.14,0.21,0.20,-0.05,-0.08,-0.12,0.24,-0.11,-0.68,-1.49,-2.06,-1.77,-1.54,-1.87,-2.37,-2.69,-2.85,-2.91,-2.93,-3.12,-3.26,-3.34,-3.36,-3.34,-3.36,-3.46,-3.39
-1.09,0.78,3.41,4.06,4.45,4.76,4.92,5.54,5.73,5.07,4.76,4.67,4.32,3.49,2.43,2.14,0.09,0.28,-0.25,0.26,0.90,0.26,-0.30,0.97,1.59,-1.45,-2.29,-1.76,-1.21,-0.20,1.21,2.54,3.47,4.11,4.50,4.60,1.18,0.96,-0.20,0.84,1.02,0.64,0.64,0.22,2.70,0.19,-2.34,-2.54,-4.39,-4.10,-3.48,-2.17,-1.49,-0.93,-0.11,0.28,0.39,0.35,-0.13,-0.41,-1.45,-1.07,-1.05,-1.59,-1.86,-1.86,-2.15,-2.72,-3.18,-3.39,-3.28,-3.09,-3.12,-3.24,-3.08,-3.11,-3.35,-3.70,-3.87,-4.06,-3.75
0.82,-0.81,3.74,3.88,4.78,5.40,6.11,6.03,5.96,5.86,4.84,4.07,3.68,3.25,2.94,2.63,1.89,1.11,0.21,-0.72,0.49,1.09,1.21,1.26,1.75,2.10,0.97,0.56,-0.11,-0.17,1.80,2.88,3.32,3.50,3.87,4.06,3.36,-1.09,2.09,2.02,1.62,1.68,1.60,0.34,-0.37,0.50,2.08,-4.60,-3.97,-4.12,-3.22,-2.03,-1.76,-1.87,-0.73,-0.68,-0.42,0.43,0.75,-0.30,-0.88,-0.82,-0.88,-0.95,-1.19,-1.57,-2.19,-2.98,-3.59,-3.72,-3.73,-3.39,-3.03,-2.82,-2.81,-3.14,-3.82,-4.41,-4.85,-4.23,-3.54
3.14,1.19,1.26,2.95,4.55,6.18,6.72,6.36,6.07,5.98,5.70,5.09,4.50,3.65,3.30,3.01,2.39,1.76,0.80,0.87,0.70,0.68,0.66,0.80,1.42,2.31,2.10,0.86,-0.17,0.37,1.86,3.11,3.23,3.24,3.43,3.42,2.84,1.67,1.90,2.08,1.58,1.37,-0.67,1.46,-0.14,1.45,-0.65,-3.44,-4.22,-3.86,-2.54,-1.65,-1.62,-2.04,-1.89,-0.04,0.37,0.73,0.76,0.43,-0.16,-0.46,-0.52,-0.78,-1.22,-1.91,-2.65,-3.41,-4.22,-4.42,-3.74,-3.06,-2.81,-2.71,-2.60,-3.71,-4.25,-4.53,-4.61,-4.25,-3.61
3.36,1.95,2.95,2.90,3.90,6.17,6.96,6.57,6.24,6.15,6.11,5.89,5.21,4.26,3.61,2.98,2.32,1.97,1.93,1.13,0.44,0.98,0.16,0.25,0.97,1.63,2.76,1.04,0.47,1.24,2.54,3.26,3.15,3.36,3.65,3.28,2.72,2.52,3.46,2.39,2.12,1.73,1.54,0.20,-2.01,-2.13,0.35,-2.09,-3.65,-3.70,-2.16,-0.79,-1.15,-1.83,-1.76,-0.95,0.68,0.82,0.85,0.87,0.59,-0.06,-0.70,-1.07,-1.33,-1.83,-2.56,-3.37,-3.94,-4.00,-3.22,-2.48,-2.23,-2.48,-3.30,-3.67,-4.10,-4.37,-4.55,-4.05,-3.69
2.43,2.61,3.94,4.38,4.64,6.11,6.41,6.19,6.28,6.19,6.05,5.40,4.99,4.55,3.64,3.25,2.70,2.48,2.61,0.31,0.86,-0.33,-0.25,0.18,-0.00,1.28,0.35,0.46,1.49,2.35,3.12,3.42,3.45,3.77,3.90,3.72,3.44,2.99,1.88,3.14,1.99,1.87,1.88,1.66,1.64,0.55,0.24,-0.71,-2.26,-3.06,-2.09,-1.06,-0.73,-1.27,-1.45,-0.71,0.82,0.84,0.79,0.60,0.15,-0.20,-0.86,-1.56,-1.92,-2.17,-2.69,-3.29,-3.77,-3.94,-3.48,-2.72,-2.22,-2.47,-2.87,-3.44,-3.99,-4.03,-3.78,-3.62,-3.44
1.21,2.04,4.46,5.94,6.05,6.57,6.84,6.38,6.13,6.18,5.98,5.16,4.49,4.47,4.31,3.67,2.89,2.58,2.43,0.21,0.71,-0.73,-1.45,-0.24,-0.40,0.06,0.14,-0.48,2.35,2.24,3.69,3.60,3.76,4.19,4.20,3.83,3.22,2.16,1.40,0.85,0.74,1.73,2.51,3.55,4.49,3.47,4.04,1.57,-0.54,-1.72,-1.26,-0.90,-0.53,-0.53,-1.07,0.27,1.03,0.82,0.56,0.51,0.33,-0.23,-1.08,-1.96,-2.55,-2.69,-2.74,-3.05,-3.45,-3.52,-3.22,-2.77,-2.36,-2.47,-3.04,-3.56,-3.79,-3.65,-3.31,-2.94,-3.02
-0.56,1.13,5.13,6.42,6.71,6.41,6.82,6.84,6.54,6.28,6.39,5.97,5.49,4.61,4.37,3.78,3.32,2.35,2.03,0.64,0.95,0.01,-1.28,1.32,-0.86,-0.06,-0.20,0.30,1.29,2.66,3.83,4.06,4.24,4.13,3.81,3.35,2.59,1.67,1.01,0.85,0.80,1.23,0.38,0.92,5.89,3.14,5.74,3.28,1.19,-0.10,0.30,0.38,0.67,0.46,-0.48,-0.19,1.09,1.01,0.72,0.39,0.03,-0.52,-1.23,-1.83,-2.30,-2.64,-2.84,-2.94,-3.10,-3.19,-2.97,-2.37,-2.02,-2.35,-2.72,-2.90,-3.07,-3.29,-3.27,-2.88,-3.10
-1.93,-0.44,5.54,6.26,6.67,6.92,7.17,7.47,7.37,6.78,6.64,6.35,5.53,4.62,4.81,4.28,3.62,2.53,1.61,1.26,0.85,-0.17,0.18,-0.21,-0.00,0.29,0.73,-0.67,-0.42,1.27,4.54,4.99,4.89,4.08,3.35,2.63,1.88,1.33,0.91,0.18,-0.91,-0.53,-1.43,1.81,2.74,4.81,6.46,4.21,2.15,1.48,1.81,1.47,0.35,0.70,0.96,1.08,1.19,1.16,0.87,0.38,-0.01,-0.47,-0.84,-1.05,-1.31,-1.91,-2.33,-2.40,-2.48,-2.60,-2.32,-1.89,-1.54,-1.85,-2.03,-2.18,-2.42,-2.68,-2.45,-2.03,-2.70
-2.26,-1.74,4.51,5.83,5.88,6.63,6.83,7.75,7.65,7.19,6.71,6.29,5.61,4.79,4.53,4.48,4.41,3.24,2.07,0.93,0.43,0.32,1.11,1.00,0.64,0.21,-0.18,0.36,1.21,2.43,5.38,5.75,5.40,4.46,3.23,2.09,1.24,0.73,0.63,0.21,-0.96,-0.49,-1.13,0.61,3.28,6.23,6.79,5.62,3.89,2.65,2.18,1.24,0.43,1.28,2.19,1.99,1.46,1.12,0.97,0.68,0.49,0.06,-0.30,-0.26,-0.36,-0.57,-1.09,-1.40,-1.74,-1.96,-1.93,-1.59,-1.30,-1.29,-1.39,-1.54,-2.01,-2.21,-2.60,-3.15,-3.29
-0.82,0.72,3.70,6.16,6.37,5.63,5.50,6.49,7.35,7.30,7.14,6.59,5.49,4.88,4.11,3.27,3.69,3.23,1.26,-0.23,1.22,0.82,0.45,0.96,1.16,0.86,0.79,1.27,1.85,2.82,6.47,6.55,5.83,4.58,3.26,1.97,0.86,0.57,0.90,0.89,0.89,-1.05,-0.51,2.64,4.89,6.47,6.29,5.30,4.11,3.38,2.93,2.14,1.67,2.08,2.78,2.48,1.92,1.49,1.19,0.84,0.53,0.61,0.48,0.52,0.34,0.04,-0.48,-0.85,-0.84,-1.27,-1.40,-1.31,-0.93,-0.98,-1.18,-1.39,-1.83,-2.35,-2.50,-2.69,-2.82
-1.63,-0.44,1.95,4.60,6.38,6.09,5.63,6.33,6.90,7.49,7.19,6.61,6.39,5.40,4.07,2.86,3.42,2.34,1.03,0.08,0.35,0.35,1.67,1.95,1.40,2.04,2.09,2.45,0.28,4.19,7.25,6.88,6.12,4.83,3.57,2.37,1.34,0.93,1.04,1.52,0.22,0.75,1.59,4.66,5.80,6.29,6.01,5.24,4.87,4.51,3.59,2.91,2.59,2.60,3.06,2.97,2.46,1.88,1.83,1.34,1.32,1.18,0.99,1.02,0.72,0.49,0.13,-0.51,-0.82,-0.88,-1.40,-1.40,-1.13,-0.78,-1.12,-1.34,-1.55,-1.80,-1.82,-2.09,-2.27
-0.82,-0.54,0.43,3.00,5.22,7.81,6.61,6.95,7.65,8.23,7.97,7.09,6.76,5.72,3.94,1.70,1.94,0.69,0.96,0.50,1.33,0.14,-0.39,0.38,1.31,2.13,2.51,1.98,-0.38,5.10,7.80,7.17,6.40,5.31,4.05,2.95,2.01,1.22,0.56,0.46,1.40,0.33,1.33,5.52,6.14,5.86,5.69,5.93,5.16,4.74,4.08,3.42,3.20,3.17,3.34,3.35,3.03,2.99,3.17,2.75,2.25,1.84,1.34,1.32,1.07,0.85,0.36,0.02,-0.39,-0.45,-0.56,-0.60,-0.85,-0.77,-0.90,-0.92,-1.17,-1.63,-1.88,-1.46,-1.55
-0.69,-0.75,0.00,-1.31,5.72,5.55,6.39,6.92,8.07,7.83,7.96,7.45,6.62,5.29,4.18,2.18,1.39,1.07,1.04,-0.28,1.25,-0.36,-0.75,1.42,2.65,2.29,2.89,3.57,3.13,5.50,6.27,6.50,6.19,5.58,4.46,3.48,2.48,1.40,0.21,-1.17,-0.42,0.40,3.11,6.29,6.48,6.61,6.15,5.72,5.13,4.99,4.54,4.04,3.76,3.63,4.10,4.01,3.73,3.67,3.37,2.95,2.79,2.70,1.92,1.52,1.26,0.71,0.54,0.24,-0.02,-0.02,-0.01,-0.28,-0.31,-0.84,-1.21,-1.05,-0.94,-1.03,-1.53,-1.22,-1.07
-0.03,0.20,1.37,-0.21,-0.84,3.81,4.49,6.33,6.78,7.29,7.43,7.61,7.13,4.85,2.65,1.42,2.03,1.09,1.37,0.15,1.60,0.53,0.94,2.25,2.44,2.01,3.17,5.63,6.77,6.51,6.25,5.76,5.98,5.74,4.69,3.70,2.78,1.71,0.35,-1.49,-1.86,0.24,4.33,7.14,7.27,6.90,6.47,5.87,5.72,4.86,4.87,4.68,4.11,3.76,3.93,4.62,4.76,4.24,3.66,3.25,2.89,2.96,2.75,2.34,1.93,1.38,0.96,1.18,1.25,1.41,1.25,0.67,0.13,-0.25,-0.52,-0.54,-0.45,-0.57,-0.84,-1.03,-0.72
0.09,0.64,0.35,1.45,-0.32,-1.06,1.72,5.11,5.90,6.81,7.08,7.25,7.07,4.01,2.40,2.57,2.56,0.94,1.57,-0.78,2.02,1.25,1.22,1.50,1.64,2.17,4.65,6.99,7.88,2.86,3.64,6.62,5.70,5.45,4.95,3.92,3.08,2.20,1.06,-0.65,-1.35,3.12,6.47,7.00,7.77,7.49,6.99,6.09,5.34,4.60,3.35,3.13,3.96,4.24,4.29,4.96,5.60,5.50,4.93,4.16,3.50,3.22,3.15,3.13,2.84,2.06,1.30,0.53,0.78,1.44,2.07,1.62,0.63,0.10,-0.11,-0.15,0.32,0.06,0.09,-0.46,-0.51
0.58,0.83,1.46,1.17,2.32,0.45,0.74,4.54,5.67,6.10,6.25,6.06,6.56,2.88,1.95,5.20,4.30,1.54,0.11,0.56,0.46,0.92,1.56,1.46,0.89,0.26,2.57,5.12,6.73,6.07,4.30,6.40,6.12,5.72,5.13,4.14,3.25,2.61,1.91,0.82,-0.23,1.87,5.59,7.83,7.98,7.37,7.14,7.08,6.23,5.86,5.15,4.14,3.81,4.29,4.36,4.53,5.22,5.58,5.45,4.94,4.23,3.68,3.43,3.53,3.64,3.16,2.21,1.12,0.82,1.47,1.84,1.92,1.28,0.41,0.01,0.14,0.45,0.69,0.57,0.37,0.46
-0.12,-0.39,1.53,1.69,2.79,2.27,1.51,3.28,5.04,4.44,5.40,6.10,5.77,4.01,0.84,4.53,5.07,1.85,0.22,0.68,2.14,1.62,1.31,1.47,1.74,1.44,3.10,4.78,5.57,5.34,3.95,4.63,5.18,6.35,4.11,3.55,3.33,2.94,2.51,1.86,0.64,2.51,5.35,7.26,7.29,6.95,6.55,6.52,6.69,6.61,6.23,5.69,4.95,4.49,4.26,4.22,4.44,4.68,4.85,4.70,4.23,3.77,3.34,3.34,3.66,3.77,3.45,2.79,1.89,1.45,1.76,2.00,1.90,1.57,1.19,0.80,0.75,0.94,0.38,0.67,0.71
-0.55,-0.66,-2.05,0.95,0.96,2.73,1.36,3.10,3.23,3.83,4.32,5.01,4.22,3.19,1.54,3.75,4.62,2.54,1.16,-1.11,1.06,1.48,1.77,2.83,3.08,2.90,3.56,4.22,3.68,4.08,3.05,2.90,3.74,4.34,3.85,3.22,3.61,4.31,2.12,2.53,2.54,-0.32,10.39,7.62,7.05,6.79,6.47,5.90,5.36,5.06,5.31,5.55,5.43,5.22,5.28,4.82,4.26,4.25,4.26,4.20,4.12,3.80,3.43,3.31,3.50,3.90,4.33,4.32,4.03,3.30,2.60,2.78,2.67,2.30,2.11,1.90,1.91,1.45,0.55,0.53,1.24
-0.49,-1.73,-3.48,-2.71,0.34,1.03,1.04,2.19,1.88,3.60,3.56,4.17,4.25,3.31,2.27,3.73,3.29,1.14,-0.32,0.21,0.21,1.69,2.25,2.65,4.31,4.30,2.94,3.21,4.77,4.54,4.21,4.18,3.38,4.27,3.72,3.06,1.52,1.14,5.42,4.03,4.76,0.07,9.96,8.94,6.34,6.05,6.44,6.32,5.95,5.51,4.93,4.70,4.84,4.86,4.82,5.45,5.29,4.43,4.27,4.27,4.23,4.10,4.10,4.25,4.33,3.74,4.23,4.54,4.75,4.70,3.98,4.04,4.38,3.84,3.23,3.05,3.30,3.67,3.08,1.53,1.73
-2.11,-2.32,-2.60,-2.83,-1.68,0.64,0.87,0.93,1.14,1.60,2.46,2.03,1.87,2.13,1.50,4.04,2.79,2.67,-0.47,0.34,1.21,2.07,2.48,2.70,3.08,3.62,4.60,4.21,3.85,4.70,3.94,4.68,5.11,4.49,4.42,4.00,3.50,1.65,1.92,6.43,8.45,5.67,0.99,5.30,6.64,5.61,5.83,6.19,6.20,5.91,5.45,4.68,4.77,4.90,4.91,4.71,4.71,4.42,4.08,4.29,4.14,3.92,3.43,3.51,3.66,3.75,3.05,3.20,4.31,5.17,4.83,4.55,4.90,5.57,4.83,3.54,3.64,4.38,4.59,3.57,2.30
-0.75,-1.17,-1.94,-2.47,-1.71,-0.32,0.84,0.38,0.52,0.83,0.29,-0.37,-0.08,0.66,0.97,-0.09,2.24,2.73,1.00,-0.84,0.81,2.17,3.58,2.06,4.03,3.55,3.63,4.76,4.31,5.81,5.32,5.78,5.38,3.74,2.28,4.24,2.80,2.17,1.09,0.71,10.10,10.18,5.58,3.41,4.02,6.31,6.39,5.94,6.12,6.05,5.71,5.31,5.15,5.34,5.59,5.50,4.89,4.74,4.48,4.14,3.79,3.60,3.26,3.10,2.44,1.98,2.79,2.90,2.79,4.21,4.51,4.48,4.46,5.06,6.09,5.35,4.05,4.44,4.84,4.44,3.46
0.57,0.01,-0.59,-1.34,-0.16,0.97,1.98,1.55,2.05,2.47,2.27,1.11,2.01,2.08,2.32,1.13,-1.56,1.01,1.83,-0.16,-0.52,2.21,3.23,3.28,3.91,4.07,4.46,3.31,2.84,2.90,3.28,0.34,0.75,3.16,1.57,0.19,2.18,1.94,1.70,0.54,2.50,6.93,3.72,1.89,4.30,6.07,7.39,7.22,7.12,6.62,6.49,6.28,6.07,5.71,5.81,5.76,5.28,5.31,5.30,4.97,4.31,3.84,3.92,4.39,3.88,2.78,2.59,3.02,2.92,3.15,4.26,4.60,4.52,4.66,5.35,6.67,6.42,5.13,5.31,5.52,4.77
1.51,2.26,1.35,-0.54,-1.39,1.94,2.99,2.55,4.52,6.21,4.82,4.73,4.72,4.10,2.08,1.10,1.40,-1.25,0.76,0.79,0.92,1.28,3.70,3.51,-0.93,-0.59,2.87,3.62,3.07,1.65,0.21,0.34,0.09,-0.72,0.57,-1.31,-2.23,1.71,0.63,0.70,-1.13,0.47,-4.47,-5.92,-6.23,-5.27,1.12,6.19,7.42,7.38,7.26,7.15,6.94,6.62,6.50,6.54,5.63,5.38,5.75,5.91,5.65,5.28,5.02,5.14,4.89,4.27,3.78,3.45,2.93,3.10,3.99,4.29,4.58,5.16,5.13,6.38,6.98,7.35,6.39,6.42,6.49
1.91,1.55,1.18,2.13,5.13,5.71,4.16,5.03,5.27,6.14,3.50,2.87,2.98,3.73,2.86,2.98,0.93,2.35,3.81,3.42,1.39,0.78,3.08,0.48,0.58,-0.79,-0.45,2.79,3.82,1.67,0.46,-1.05,-1.99,-1.58,-0.35,-1.16,-3.18,-2.84,-2.20,-2.49,-2.75,-3.03,-6.96,-7.95,-7.41,-6.55,-5.85,-4.98,0.79,6.68,7.63,7.76,7.64,7.71,7.28,6.83,6.61,6.24,6.05,6.44,6.62,6.66,6.71,6.37,5.70,5.24,5.06,4.61,4.02,3.51,3.50,3.75,4.12,4.01,5.84,6.10,7.32,7.60,8.08,7.37,6.79
1.48,1.67,2.23,2.82,2.22,2.45,0.34,-0.82,-0.16,6.00,4.90,5.40,4.72,4.62,4.00,5.17,5.73,2.96,3.42,1.48,1.20,0.38,0.60,0.41,1.19,0.14,-0.47,0.14,2.21,1.93,0.84,-1.57,-2.07,-1.62,-1.48,-0.79,-1.65,-2.31,-1.61,-1.43,-1.87,-2.49,-4.73,-6.19,-6.56,-6.04,-5.12,-4.29,-3.26,-2.45,2.80,7.73,7.95,7.86,8.59,8.09,7.56,7.14,7.19,7.17,7.40,7.25,7.20,7.15,7.00,6.45,5.99,5.69,5.41,4.51,3.63,3.02,2.93,3.28,4.46,6.95,7.23,8.89,8.66,8.83,7.89
0.22,2.66,4.55,5.03,3.79,1.25,1.71,0.04,-1.14,-1.56,-1.81,2.75,6.82,7.28,6.36,6.52,8.22,5.13,2.64,2.85,2.19,1.79,-0.52,3.35,3.17,1.27,0.92,1.05,1.30,1.82,1.57,1.02,0.45,-0.31,-0.46,-0.44,-0.80,-1.27,-1.30,-1.36,-1.35,-2.08,-4.40,-6.30,-6.67,-6.32,-5.36,-4.14,-2.35,-0.68,-0.98,-1.62,3.63,6.51,7.87,9.33,9.58,8.91,8.28,8.26,8.55,8.80,8.40,8.08,7.57,6.98,6.58,6.46,6.41,6.12,5.01,2.99,2.05,2.08,2.61,4.56,7.94,9.08,10.19,9.50,9.52
1.35,1.65,1.25,2.12,1.36,0.85,1.25,-0.97,-0.93,-1.07,-1.47,-0.62,6.97,6.61,5.08,5.47,4.06,5.18,4.88,5.27,3.28,3.15,0.80,-1.56,4.97,3.62,3.04,2.87,2.87,3.10,1.59,3.50,3.06,1.31,-0.14,-0.51,0.11,0.08,-0.19,-0.54,-1.09,-2.68,-5.70,-6.05,-5.14,-5.86,-5.72,-4.89,-4.47,-2.27,0.83,0.57,4.31,6.35,6.90,7.72,8.62,9.55,9.84,9.54,9.02,9.38,9.60,9.26,8.58,7.99,7.45,7.43,7.57,8.02,6.50,4.32,2.65,1.76,1.78,2.83,4.99,8.75,11.53,11.09,10.11
2.13,1.24,-0.58,0.27,1.03,1.36,2.24,1.61,0.05,-0.59,-0.73,-0.11,7.81,7.75,6.41,2.57,2.99,4.66,5.39,-0.35,-2.53,0.65,1.85,-0.52,2.58,5.77,4.41,2.04,3.06,2.47,3.34,3.22,2.63,-0.16,-0.34,0.00,-0.52,-0.35,-0.36,-0.98,-1.91,-4.54,-4.78,-4.97,-4.51,-4.53,-5.24,-7.07,-8.18,-9.01,-5.20,-1.12,-5.73,-0.12,4.87,5.61,6.08,7.07,8.08,9.27,10.15,10.36,10.15,10.11,9.48,8.62,7.96,8.11,9.49,8.18,5.85,3.81,1.81,0.71,0.38,1.65,4.30,7.64,10.54,14.19,12.93
1.13,2.21,2.44,2.18,2.34,3.50,3.05,2.50,1.33,0.46,0.27,0.79,1.05,4.68,5.30,3.70,2.03,4.76,4.14,0.95,-1.55,-3.10,-0.69,0.79,0.34,5.94,5.58,4.75,2.49,2.97,4.80,4.09,2.23,0.98,-0.19,0.01,0.32,0.22,-0.73,-0.96,-2.42,-4.02,-3.66,-4.14,-4.03,-3.00,-1.76,-1.97,-5.57,-7.95,-9.34,-5.95,-3.39,-2.75,-2.03,-1.94,-0.19,0.71,-2.91,-5.98,-1.13,9.68,12.27,12.53,10.10,7.69,7.91,12.24,10.21,6.87,4.60,2.40,0.26,-1.09,-2.14,-2.13,1.43,7.50,11.28,14.22,16.30
2.33,1.94,3.20,3.01,1.09,0.04,0.10,0.77,1.13,1.45,1.39,4.09,1.75,-0.15,-0.12,-2.25,-1.22,1.68,2.06,1.61,-0.20,-2.02,-2.04,-2.44,0.24,6.46,6.19,3.16,3.29,1.13,0.04,2.93,2.95,1.41,0.66,1.22,0.78,0.00,-0.40,-1.31,-1.04,-3.23,-3.79,-3.16,-2.25,-1.44,-2.73,-1.94,-3.07,-5.21,-9.47,-9.29,-9.09,-3.78,-2.91,-2.53,0.49,1.91,-1.10,-5.24,-6.00,-3.60,-3.13,4.01,5.42,4.20,2.65,1.58,1.45,1.94,1.94,0.48,-0.73,-2.29,-3.65,-4.61,-3.88,-0.47,9.86,15.54,17.29
