public/layers/ocf.json
{"header": { "refTime": "2020-06-19T00:00:00.000Z", "parameterCategory": 2, "parameterNumber": 2, "surfacelType": 104, "surfacelValue": 0.0, "forecastTime": 3, "scanMode": 0, "nx": 101, "ny": 61, "lo1": 80, "la1": 60, "lo2": 180, "la2": 0, "dx": 1, "dy": 1 }, "data":
[rows 0 to 35 of 61, columns 0 to 79 of 101]
-1.69,-0.55,-0.22,0.74,2.10,5.57,5.24,4.25,3.66,3.78,3.57,2.79,1.87,1.35,1.65,1.89,1.59,1.11,0.70,-0.80,1.57,-0.49,0.38,0.77,1.47,1.03,0.53,1.70,3.51,3.89,2.10,1.26,1.09,1.52,1.10,1.55,0.93,0.83,-1.73,-1.61,-2.96,-2.88,-2.46,-4.56,-1.42,-0.28,-1.29,-1.53,-3.77,-1.70,-0.40,-3.35,-3.30,-5.62,-3.91,-3.39,-3.22,-3.91,-4.78,-5.16,-5.11,-4.44,-3.88,-3.94,-3.80,-3.61,-3.15,-2.59,-2.34,-2.21,-2.10,-1.13,-0.55,-0.43,-0.11,-0.39,0.11,0.36,0.34,0.43
-0.05,1.07,1.48,2.11,3.01,4.77,5.05,4.81,5.37,6.17,5.55,4.30,3.63,3.46,3.23,4.04,1.77,2.50,-0.67,1.84,0.49,0.40,0.84,1.97,1.64,0.87,2.31,2.65,3.97,3.41,2.36,1.66,1.12,1.31,1.19,0.63,0.60,0.35,-0.98,-1.48,0.47,-0.57,-2.00,-0.87,-2.35,-1.68,-1.43,-0.77,-2.45,-2.31,-2.20,-3.27,-4.16,-4.99,-4.32,-3.51,-3.32,-3.91,-4.60,-4.80,-4.87,-4.18,-3.69,-3.60,-3.51,-3.05,-2.36,-2.07,-1.99,-2.23,-2.09,-1.33,-0.83,-0.24,0.00,-0.11,-0.15,0.13,0.30,0.59
1.50,2.98,2.60,2.70,4.26,4.68,4.36,3.23,7.85,8.22,7.50,6.04,4.78,4.46,3.89,4.10,3.54,2.65,0.90,1.13,-0.30,1.44,1.96,1.66,0.61,1.07,2.28,3.48,3.70,3.61,2.25,2.08,1.76,0.83,1.19,1.15,0.76,-0.02,-1.22,-2.05,-0.51,-2.33,-3.90,-2.76,-2.82,-4.12,-1.98,-1.43,-3.39,-2.58,-1.99,-3.71,-4.53,-4.93,-4.27,-3.53,-3.43,-4.17,-4.40,-4.08,-3.80,-4.35,-4.06,-3.63,-3.17,-2.40,-1.49,-1.36,-1.67,-1.89,-1.85,-1.37,-0.58,0.35,0.46,0.04,0.01,0.17,0.37,0.85
3.27,4.23,3.74,3.74,4.75,5.23,5.08,4.46,7.37,7.45,7.17,7.18,6.13,4.92,4.30,4.64,3.30,4.09,0.53,-0.71,-0.43,1.86,2.63,2.15,2.58,0.95,1.71,4.19,4.39,2.81,2.30,2.25,2.14,1.94,0.76,1.66,-0.69,-0.38,-0.46,-1.86,-2.25,-3.52,-3.51,-2.82,-3.60,-3.13,-2.32,-2.23,-1.99,-3.08,-1.90,-4.85,-5.17,-4.61,-4.05,-3.85,-3.67,-4.01,-4.19,-3.48,-3.94,-4.52,-4.22,-3.63,-2.96,-2.06,-1.20,-1.07,-1.30,-1.40,-1.37,-0.91,-0.15,0.84,0.91,0.53,0.66,0.89,1.24,1.59
4.97,5.25,5.23,5.16,5.61,6.18,6.44,6.33,6.81,6.81,6.05,6.57,5.97,5.16,4.70,3.89,2.73,1.86,-1.60,0.11,-0.04,1.57,1.66,1.70,2.59,2.23,2.67,4.28,5.23,3.47,1.83,1.60,2.36,2.91,2.58,2.23,0.10,-1.00,-1.80,-1.12,-1.82,-3.74,-3.70,-3.25,-3.17,-3.55,-2.71,-2.17,-2.22,-3.63,-3.41,-2.93,-5.69,-4.33,-4.04,-4.10,-4.01,-4.16,-4.18,-4.06,-4.25,-4.52,-4.28,-3.53,-2.62,-2.22,-1.43,-1.08,-0.98,-1.01,-0.87,-0.39,0.36,1.05,1.09,0.93,1.33,1.87,2.16,2.25
7.24,7.13,6.87,6.45,6.30,6.73,7.44,6.95,6.96,6.60,5.63,5.69,4.77,5.20,5.04,2.89,2.72,1.43,0.76,1.45,0.28,2.51,0.06,0.85,0.66,1.87,3.32,4.62,5.51,4.68,3.23,2.13,2.28,2.94,3.72,3.18,0.24,-1.10,-1.82,-2.08,-1.35,-3.43,-3.67,-3.55,-3.99,-3.77,-4.28,-2.19,-2.52,-5.19,-4.04,-3.49,-5.55,-4.29,-4.10,-4.36,-4.51,-4.61,-4.50,-4.50,-4.40,-5.26,-4.58,-4.02,-3.55,-2.95,-2.32,-2.03,-1.96,-1.98,-1.95,-1.45,-0.71,-0.31,-0.08,0.04,0.55,1.17,1.50,1.73
7.24,6.54,8.49,7.91,7.29,7.00,7.68,7.06,7.26,6.39,5.34,4.57,4.28,4.47,4.67,4.65,5.82,4.13,4.23,3.96,2.70,2.70,1.12,1.17,-0.60,0.99,4.23,6.01,6.45,5.17,3.71,2.90,2.80,2.56,3.12,3.62,4.37,-1.76,-0.64,-1.45,-2.09,-2.75,-3.40,-2.80,-1.72,-2.58,-3.38,-3.59,-3.48,-4.57,-4.64,-5.24,-4.92,-4.58,-4.62,-4.91,-5.10,-5.10,-4.80,-4.44,-4.74,-5.46,-5.18,-4.92,-4.62,-4.38,-4.19,-3.95,-3.56,-3.32,-3.25,-3.21,-3.03,-2.69,-2.47,-2.40,-1.69,-0.52,0.45,0.85
4.34,6.03,2.50,6.55,7.17,6.70,7.11,6.99,6.86,6.41,5.30,4.81,4.56,4.20,4.51,4.95,5.33,4.76,4.95,5.26,3.64,3.82,4.64,1.95,0.16,1.88,5.16,7.12,7.15,5.78,3.58,3.05,2.58,2.27,2.53,3.24,4.07,-0.04,-0.65,-0.94,-1.55,-2.04,-2.36,-2.67,-0.26,-2.24,-1.59,-2.69,-4.44,-4.49,-4.80,-5.27,-5.00,-5.14,-5.09,-5.26,-5.32,-5.08,-4.71,-5.27,-5.75,-6.01,-6.07,-5.91,-5.80,-5.58,-5.44,-4.87,-4.16,-3.85,-4.36,-4.71,-4.66,-4.40,-4.43,-4.12,-2.98,-1.64,-0.31,-0.26
6.70,5.85,5.90,5.63,6.34,5.86,6.24,6.61,6.34,5.88,5.10,4.99,4.83,4.43,4.89,4.80,5.22,4.71,5.06,4.83,4.20,5.62,4.88,2.60,2.64,3.70,5.50,7.10,7.32,6.17,3.44,2.79,2.18,1.74,1.60,1.90,1.37,-0.75,-0.77,-0.39,-0.39,-0.71,0.94,-0.20,0.12,-2.52,-2.37,-2.13,-4.12,-4.37,-4.90,-4.81,-4.47,-4.93,-5.01,-5.29,-5.19,-5.33,-6.59,-6.70,-6.77,-6.83,-6.54,-6.36,-6.42,-6.23,-5.83,-5.26,-4.93,-5.25,-5.75,-5.77,-5.81,-5.52,-5.14,-4.72,-3.50,-2.36,-1.73,-1.87
6.94,5.64,7.81,6.99,5.15,4.79,5.60,6.08,5.98,5.79,5.42,5.10,4.69,4.36,4.49,4.52,5.15,5.50,5.20,3.64,5.19,5.53,5.02,3.79,3.63,3.97,5.05,6.24,6.14,4.76,2.84,1.95,1.36,0.70,0.11,-0.01,-0.35,0.41,-1.50,0.51,0.71,0.66,-0.27,-1.87,-3.97,-2.43,-2.83,-2.99,-3.46,-3.96,-4.34,-4.01,-4.34,-4.48,-4.25,-5.45,-6.68,-7.83,-7.72,-7.34,-7.56,-7.26,-6.91,-6.86,-6.86,-6.60,-6.06,-5.84,-5.89,-6.15,-6.58,-6.50,-6.40,-5.62,-5.55,-4.78,-3.90,-3.32,-3.16,-3.20
6.53,7.06,6.04,6.21,4.61,4.17,5.29,5.57,5.80,5.69,5.53,4.96,5.01,4.63,4.17,5.13,5.50,6.14,6.03,4.94,7.28,6.74,5.30,4.53,4.45,4.26,2.91,3.34,3.95,2.64,1.53,0.63,-0.07,-1.08,-1.62,-1.51,-1.28,-0.67,0.85,-0.11,1.68,1.89,0.45,-0.04,-2.29,-2.38,-2.46,-2.66,-3.24,-3.40,-3.64,-3.46,-4.53,-4.17,-4.01,-5.90,-9.09,-8.00,-7.35,-7.72,-7.46,-7.78,-7.42,-7.27,-7.16,-7.02,-6.57,-6.45,-6.50,-6.76,-6.97,-6.95,-6.69,-5.87,-5.42,-4.93,-4.70,-4.61,-4.53,-4.57
4.86,6.75,4.55,4.50,4.07,3.97,4.30,5.50,5.99,5.78,5.32,4.79,4.93,4.80,4.75,5.33,5.93,6.98,6.53,4.84,5.90,7.02,6.03,4.73,2.94,2.29,2.24,1.52,0.54,0.71,0.53,-0.57,-1.52,-2.31,-2.76,-2.42,-1.98,-1.05,0.04,1.71,1.34,2.96,3.27,1.59,-1.77,-1.40,-1.52,-2.09,-2.50,-2.93,-3.21,-2.99,-4.75,-4.21,-4.88,-7.98,-8.76,-7.99,-7.20,-7.47,-7.78,-7.99,-7.78,-7.55,-7.37,-7.30,-7.15,-7.01,-6.80,-6.94,-6.93,-6.81,-6.68,-6.18,-5.82,-5.85,-5.61,-5.45,-5.70,-5.80
5.01,5.75,3.73,3.96,4.17,4.49,4.23,5.01,6.04,5.88,5.41,5.03,5.17,4.56,4.78,5.38,6.10,6.97,6.48,4.22,4.49,5.77,5.40,2.86,1.21,1.35,1.28,2.00,0.93,-1.51,0.69,-1.46,-2.32,-2.88,-3.21,-2.65,-2.05,-1.10,0.14,1.47,3.02,3.55,4.07,0.73,-0.94,0.07,-1.86,-2.26,-1.82,-2.29,-2.87,-2.77,-4.82,-4.74,-5.96,-7.20,-8.18,-7.81,-7.33,-7.23,-7.36,-7.88,-7.77,-7.44,-7.18,-7.19,-7.43,-7.41,-7.05,-6.87,-6.82,-6.69,-6.79,-6.58,-6.60,-6.47,-6.27,-6.33,-6.78,-6.67
5.13,5.58,4.06,4.63,5.09,5.39,4.97,5.22,6.00,6.08,5.89,5.26,4.47,4.39,4.60,4.97,6.01,5.93,5.22,4.84,1.53,4.05,2.84,2.66,2.24,2.05,1.25,0.76,1.91,0.65,0.86,-1.40,-2.28,-2.90,-2.78,-2.35,-1.87,-0.72,0.54,1.31,1.66,1.73,-0.20,-0.37,-1.39,-2.72,-3.08,-2.62,-1.26,-1.98,-2.63,-3.52,-5.26,-6.10,-6.03,-6.46,-7.46,-7.78,-7.49,-7.25,-7.43,-7.95,-7.44,-7.03,-6.93,-7.22,-7.30,-7.29,-6.97,-6.68,-6.61,-6.53,-6.85,-6.67,-6.84,-6.76,-6.65,-6.69,-6.62,-6.90
6.72,6.92,4.03,5.23,6.00,5.76,5.33,5.20,5.58,5.90,5.74,5.15,4.45,4.47,4.95,4.71,5.70,4.86,3.53,5.94,2.47,2.28,3.86,3.46,1.86,2.02,1.41,1.67,2.37,1.38,1.14,-0.67,-1.76,-2.28,-2.27,-1.96,-1.56,-0.44,0.67,0.68,-0.19,1.02,-1.40,-1.90,-2.52,-3.93,-3.85,-3.02,-1.86,-3.01,-3.87,-4.55,-5.45,-5.93,-5.63,-6.18,-6.79,-7.19,-7.45,-6.83,-7.13,-7.74,-7.10,-6.84,-6.78,-6.99,-6.94,-6.97,-6.76,-6.42,-6.33,-6.28,-6.42,-6.37,-6.44,-6.61,-6.54,-6.58,-6.21,-6.71
7.82,7.50,4.82,5.02,5.24,6.18,6.22,5.78,6.01,5.64,5.65,5.00,4.24,4.50,5.38,5.21,5.53,4.72,2.52,5.24,-0.38,2.37,3.94,2.58,1.92,1.59,2.25,1.41,2.23,-4.24,0.63,-0.06,-1.03,-1.77,-1.94,-1.69,-1.22,-0.02,0.69,-0.40,1.59,-1.10,-3.45,-4.09,-4.69,-4.80,-4.25,-3.38,-3.23,-4.53,-4.82,-4.89,-4.89,-4.76,-5.07,-5.71,-6.09,-6.45,-6.56,-6.16,-6.60,-7.44,-6.92,-6.68,-6.65,-6.72,-6.59,-6.41,-6.52,-6.07,-5.87,-5.75,-5.82,-5.85,-5.88,-6.33,-6.63,-6.39,-6.84,-7.00
5.77,5.14,5.91,6.70,5.27,6.22,7.02,5.96,5.86,5.83,5.83,5.36,4.31,4.91,5.42,3.97,5.08,4.29,1.67,5.03,0.05,2.25,4.29,2.66,2.30,1.89,2.35,2.36,-1.01,-1.14,0.05,0.17,-0.68,-1.49,-1.49,-1.38,-0.94,-0.03,0.28,-0.02,1.28,-1.88,-4.58,-4.59,-4.75,-4.93,-4.37,-3.78,-3.97,-4.65,-4.79,-4.61,-4.26,-4.27,-4.39,-5.50,-5.58,-6.34,-6.05,-5.52,-5.98,-6.94,-6.57,-6.42,-6.30,-6.31,-6.17,-6.02,-6.13,-6.14,-5.56,-5.66,-5.32,-5.50,-5.56,-6.11,-6.33,-6.31,-6.78,-7.14
5.81,5.95,5.76,10.87,10.83,8.63,9.16,6.91,6.00,6.48,5.71,5.29,5.25,5.13,5.34,4.59,2.57,0.99,1.90,5.77,0.25,2.92,2.40,1.69,2.32,1.46,2.70,2.42,2.24,-0.04,-0.06,0.10,-0.34,-1.16,-1.06,-0.83,-0.65,-0.07,0.37,1.08,3.75,-1.80,-1.55,-3.47,-5.06,-4.74,-4.18,-3.43,-4.12,-4.26,-4.18,-3.97,-3.88,-4.16,-4.09,-4.81,-5.39,-5.61,-4.99,-5.41,-6.12,-6.21,-5.82,-5.77,-5.66,-5.72,-5.69,-5.94,-5.93,-6.06,-5.53,-5.32,-5.21,-5.25,-5.43,-5.91,-5.90,-5.95,-6.44,-7.02
4.91,4.61,4.54,7.25,5.81,8.90,9.35,8.11,8.22,6.62,6.11,5.54,5.91,5.11,4.12,4.41,0.61,1.18,2.15,4.30,1.19,3.77,2.10,1.16,1.12,1.71,3.18,0.71,2.60,-2.60,-0.30,0.28,-0.34,-0.76,-0.46,-0.28,-0.33,0.23,0.98,1.46,2.69,0.15,-2.00,-2.85,-3.94,-4.32,-3.22,-3.56,-3.43,-2.87,-3.32,-2.78,-3.44,-3.75,-3.73,-4.43,-4.83,-4.46,-4.59,-4.95,-5.45,-5.50,-5.08,-4.99,-5.03,-5.17,-5.16,-5.51,-5.71,-5.89,-5.55,-5.30,-5.10,-5.19,-5.40,-5.59,-5.42,-5.57,-5.80,-6.56
4.16,4.00,4.39,6.89,4.21,3.65,6.28,7.01,7.27,7.15,6.66,6.49,6.22,5.10,2.33,1.33,0.47,2.60,1.93,2.64,0.60,2.31,2.38,0.85,0.59,1.66,-1.51,0.95,-0.70,-0.49,-0.28,0.62,-0.43,-0.29,0.16,0.27,0.10,0.40,1.40,1.92,1.09,-1.91,-2.13,-2.04,-2.58,-2.90,-2.59,-2.47,-1.78,-1.69,-2.11,-1.97,-3.11,-3.05,-3.51,-3.73,-4.16,-3.75,-4.01,-4.20,-4.44,-4.80,-4.48,-4.17,-4.37,-4.35,-4.24,-3.97,-4.95,-5.55,-5.39,-4.84,-5.02,-4.94,-5.00,-5.03,-4.94,-4.76,-5.54,-5.82
4.47,4.77,4.77,4.54,4.85,3.09,3.04,5.13,5.89,6.18,6.30,6.49,5.18,2.98,3.33,-0.15,0.15,2.90,2.42,2.37,-0.01,2.44,1.68,-0.12,0.09,-1.66,-2.27,-0.51,-0.75,0.01,-1.27,-1.54,-0.08,0.26,0.94,0.97,0.80,0.74,1.41,2.19,1.65,-0.39,-0.14,-0.58,-0.86,-1.25,-1.34,-0.76,-0.70,-1.54,-1.38,-1.39,-2.49,-2.31,-2.33,-2.75,-3.08,-2.76,-2.85,-2.99,-3.22,-3.51,-3.47,-3.42,-3.55,-3.59,-3.56,-3.30,-4.15,-4.63,-4.80,-4.53,-4.49,-4.52,-5.04,-4.61,-4.44,-4.15,-5.17,-5.40
4.85,5.60,5.45,4.96,4.09,4.31,3.66,2.31,3.89,4.47,5.52,6.13,1.85,-0.37,4.42,1.27,0.50,3.40,1.95,1.85,1.82,2.20,0.19,-0.02,0.26,-2.35,-2.54,-2.15,0.19,-1.26,0.21,-0.14,0.94,1.12,1.88,1.76,1.71,1.79,2.14,2.42,2.66,2.40,1.77,1.58,0.93,0.55,0.46,0.51,0.67,-0.32,-0.08,0.11,-0.29,-0.85,-0.79,-0.99,-1.30,-1.23,-1.32,-1.38,-1.57,-1.86,-2.07,-2.29,-2.46,-2.56,-2.75,-2.67,-2.90,-3.22,-3.49,-3.93,-4.05,-4.39,-4.66,-4.17,-4.21,-4.00,-4.16,-5.04
4.71,6.01,5.90,5.13,4.73,4.48,4.42,1.02,1.68,2.30,2.98,3.07,-1.32,0.74,0.78,-0.22,0.73,2.15,2.27,2.89,1.25,0.94,-0.12,0.15,0.20,-1.59,-1.54,-0.26,-0.60,1.21,-0.28,0.27,1.43,1.90,2.28,2.71,3.56,3.79,3.69,3.11,2.64,4.96,4.75,3.36,2.38,1.96,2.13,2.25,2.27,1.90,1.84,1.85,1.72,1.19,0.98,1.11,1.01,0.84,0.61,0.46,0.30,0.08,-0.21,-0.56,-0.83,-0.97,-1.09,-1.09,-1.39,-1.92,-2.38,-2.84,-3.13,-3.24,-3.70,-3.78,-3.97,-3.63,-3.89,-4.27
6.20,6.95,7.05,5.31,4.53,3.83,3.82,0.86,-0.31,0.40,0.95,-2.82,-1.28,1.23,-1.42,-1.23,1.09,1.39,2.36,2.30,0.90,0.34,0.12,0.29,-0.55,-0.17,-0.41,0.12,-0.25,1.12,0.76,1.03,0.87,1.62,2.55,2.94,4.06,4.23,4.67,3.40,3.25,4.89,3.80,4.42,3.63,3.39,3.65,3.56,3.24,3.57,3.80,3.67,3.40,2.96,2.77,2.78,2.92,2.78,2.54,2.51,2.51,2.44,2.14,1.68,1.32,1.36,1.24,1.09,0.45,-0.50,-1.17,-1.69,-1.70,-1.60,-1.98,-2.28,-2.84,-3.24,-3.13,-3.11
7.34,7.74,5.18,1.88,3.07,2.52,0.61,-2.80,-2.92,-3.30,-3.51,-2.21,-0.03,1.37,-1.40,0.21,1.31,1.33,2.00,2.10,1.88,0.98,0.58,1.17,1.71,0.47,-0.83,-0.77,1.05,1.07,1.79,0.94,0.85,1.78,3.24,3.43,4.00,5.01,3.46,3.77,3.84,4.80,-0.60,3.95,4.39,4.49,4.89,5.06,5.20,5.40,5.95,5.08,4.10,3.82,3.69,4.55,4.27,4.51,4.33,4.46,4.61,4.57,4.49,4.18,3.61,3.98,3.37,2.92,2.27,1.09,0.72,0.58,-0.06,0.00,0.14,0.10,-0.88,-1.84,-2.63,-1.67
0.08,-2.52,-2.35,-0.99,-0.80,-2.98,-4.20,-4.73,-4.77,-5.12,-4.33,-3.03,-1.04,-0.34,1.59,0.83,1.07,1.17,2.55,2.97,2.69,1.89,0.90,2.15,2.40,-0.15,0.15,-0.17,-0.56,0.60,2.33,3.05,3.41,2.72,4.12,3.84,4.56,5.89,5.71,2.20,3.90,8.84,-4.86,1.78,5.93,6.18,6.31,6.44,6.61,6.77,6.76,6.05,5.04,4.58,4.84,5.64,5.32,5.03,5.37,6.26,6.23,6.08,6.17,5.53,4.85,5.36,4.13,4.93,3.99,2.32,2.35,3.02,2.53,1.37,1.00,1.62,0.98,-0.48,-1.45,-0.99
-3.16,-3.31,-3.52,-3.18,-4.08,-5.42,-6.33,-6.28,-5.15,-3.90,-2.62,-1.21,-0.70,-1.01,1.13,0.88,0.17,1.03,1.61,3.48,2.92,2.58,1.73,3.01,3.94,0.68,0.29,0.56,0.73,1.30,1.73,5.17,3.44,3.05,4.43,2.47,2.87,6.48,5.58,5.59,3.00,8.31,11.79,6.46,5.32,7.90,8.46,7.94,7.60,7.55,7.33,6.93,6.26,5.93,6.31,7.21,6.74,5.84,5.88,6.44,6.77,6.22,5.60,4.24,4.90,5.17,4.50,4.97,5.29,3.95,3.73,3.95,4.83,3.53,1.41,1.21,2.02,1.47,0.05,-0.48
-2.88,-3.44,-4.52,-3.89,-4.23,-4.16,-4.35,-3.51,-2.83,-1.64,-1.54,-0.82,-0.52,0.01,0.93,1.26,0.44,1.75,0.99,3.86,2.95,1.95,0.88,5.60,2.89,1.19,0.87,2.04,0.17,0.62,2.20,0.90,0.79,2.92,5.70,0.44,5.01,5.95,4.15,6.15,2.17,4.74,8.50,10.18,8.62,7.71,9.45,9.84,9.51,8.28,8.33,8.18,7.66,7.54,7.85,8.37,7.89,7.10,6.67,6.74,6.64,6.16,5.25,4.50,5.28,5.48,4.92,6.02,7.04,5.50,4.99,5.26,6.42,5.70,3.56,2.38,2.24,2.54,1.75,0.70
-2.29,-2.73,-3.29,-3.36,-0.17,1.27,-0.22,-0.51,-0.56,0.20,-0.49,-0.50,2.03,-0.07,-0.85,0.03,0.62,2.33,2.31,3.39,2.62,2.86,1.33,2.64,-1.79,0.39,0.35,0.06,-0.46,-0.36,-0.15,1.15,-0.74,1.23,1.61,-1.02,0.92,3.66,4.69,4.49,3.40,-6.34,-5.42,-3.37,-1.40,1.86,7.47,10.62,9.82,9.92,9.50,9.29,9.21,9.27,9.29,9.36,9.04,8.28,7.67,7.38,7.28,6.89,6.19,5.94,6.18,5.94,5.80,6.45,6.62,5.69,5.79,7.09,8.08,7.44,5.93,5.02,4.18,2.97,2.82,2.37
-0.48,1.84,1.91,2.82,1.83,2.77,2.65,1.06,1.80,1.93,2.96,1.67,2.63,1.27,0.79,-0.01,3.26,4.62,6.22,5.05,4.01,3.34,0.29,-2.64,-1.02,-0.84,-0.34,0.33,-1.32,-1.87,-1.22,-2.28,-1.11,-0.77,-0.95,-1.56,-1.74,-0.83,-1.20,-2.09,-1.65,-1.70,-3.24,-1.07,0.14,1.80,3.79,6.17,9.80,10.98,10.68,10.88,10.56,10.09,9.95,10.27,10.26,9.59,8.95,8.52,8.44,8.17,7.94,7.49,7.21,6.91,6.91,6.82,6.65,6.27,5.84,6.15,7.90,8.28,7.79,6.64,6.34,4.81,3.63,3.27
3.14,-0.23,0.09,5.16,4.22,5.86,4.38,2.30,3.01,2.42,4.64,2.43,2.68,3.09,2.45,1.16,5.49,9.69,5.78,3.60,5.73,4.43,0.91,-2.88,-1.87,-2.27,-1.78,-1.22,-0.73,-3.07,-2.67,-2.46,-1.53,-1.82,-1.78,-2.28,-2.94,-1.78,-1.47,-1.05,-1.85,-1.62,0.10,1.57,2.65,4.01,5.47,6.88,8.47,10.31,10.92,11.63,11.60,11.35,10.78,11.31,11.36,10.88,10.51,10.26,9.91,9.35,8.88,8.46,8.40,8.30,8.09,7.55,6.89,7.20,7.48,6.77,6.10,7.84,9.79,9.98,8.27,7.61,5.56,3.92
0.65,1.38,3.45,5.16,6.46,6.71,5.46,6.72,6.98,7.25,8.32,8.01,4.69,5.46,5.27,5.20,6.49,5.82,6.32,5.81,6.25,3.67,2.55,-0.31,-1.27,-2.30,-2.24,-2.05,-3.55,-4.03,-3.51,-2.60,-0.87,-1.30,-1.04,-0.71,-2.54,-2.02,-1.79,-1.72,-1.09,-0.37,-0.94,2.10,3.27,4.43,5.68,7.11,8.67,10.10,10.86,11.47,12.00,11.88,11.54,11.66,11.74,11.99,12.07,11.92,11.52,10.93,10.22,9.37,8.90,8.95,9.13,8.43,7.78,7.53,7.25,6.37,6.62,7.29,8.03,10.14,11.51,8.89,7.66,5.41
2.91,4.79,5.05,6.19,6.80,7.78,8.56,8.35,9.82,9.22,10.43,10.68,5.86,5.37,5.89,8.38,8.45,6.83,7.70,5.28,6.56,2.36,2.08,2.60,-2.75,-1.50,-1.19,-1.11,-0.77,-2.39,-1.87,-3.14,-1.75,-1.93,-2.69,-2.48,-2.32,-1.99,-2.26,-2.05,-1.75,-1.81,1.25,3.07,2.98,2.32,3.36,2.76,4.40,7.55,8.21,7.19,8.44,11.08,11.75,11.55,11.75,12.13,12.56,12.95,13.09,12.15,10.96,9.83,9.41,9.89,10.26,9.93,8.83,6.09,4.14,5.04,6.71,7.75,8.46,9.09,10.92,11.61,9.01,5.51
4.17,4.64,5.72,5.55,6.37,8.04,8.98,9.35,9.72,9.54,9.86,9.41,6.91,6.44,5.10,6.84,6.26,5.88,2.75,1.05,0.52,1.99,1.30,1.96,-0.34,-1.55,-0.25,-1.15,-3.16,-2.85,-2.53,-3.13,-2.16,-2.65,-3.02,-2.87,-3.02,-3.10,-2.72,-1.93,-1.74,-0.63,2.43,2.94,1.61,0.43,-1.02,-4.55,-4.62,-4.91,-0.32,4.03,1.81,6.05,8.79,11.01,11.86,12.05,12.41,12.99,13.06,12.70,11.40,9.99,9.76,10.41,11.08,10.34,5.72,0.70,1.49,3.33,5.11,6.66,8.34,10.53,11.02,11.18,11.15,5.71
6.96,6.95,7.60,6.77,6.03,6.89,8.22,9.14,9.40,9.04,9.97,10.52,8.29,6.08,5.38,5.77,4.31,0.18,-0.82,-1.37,-0.33,-0.45,-1.41,1.87,-0.80,-2.75,-1.06,-0.63,-1.74,-1.79,-1.43,-0.38,-2.17,-2.62,-2.80,-3.23,-2.80,-2.71,-1.61,-0.94,-0.52,2.49,2.92,2.03,0.53,-0.29,0.14,-0.34,-1.71,-6.07,-4.97,-0.15,0.63,-0.55,0.76,1.27,-0.92,-9.04,-11.50,-7.58,4.68,14.09,12.18,10.22,9.71,10.76,11.65,3.19,-2.99,-2.82,-1.19,0.47,2.00,3.41,5.16,8.03,10.84,11.14,11.13,9.34
7.27,7.81,6.97,6.98,2.80,3.36,6.32,6.86,7.97,8.01,7.31,-2.61,-3.10,-3.72,-3.89,-1.84,-0.46,-3.12,-2.04,0.62,-1.88,0.19,-0.49,0.71,-1.02,-3.29,-1.37,-3.56,-3.24,-2.40,-2.25,-2.41,-3.24,-2.52,-2.43,-2.51,-2.33,-2.08,-1.50,-0.54,2.12,2.60,2.60,2.19,0.83,-0.48,2.35,-1.69,-3.46,-4.79,-4.47,-4.73,-4.00,-1.74,-1.98,-3.43,-3.18,-2.35,-4.90,-5.76,-4.77,-8.34,-7.12,-7.61,-11.19,-12.69,-10.51,-8.42,-5.53,-3.68,-3.21,-2.03,0.16,1.56,2.60,4.38,5.94,8.78,11.35,10.40
