public/layers/ocf2.json
{"header": { "parameterCategory": 2, "parameterNumber": 3, "scanMode": 0, "nx": 161, "ny": 291, "lo1": 110, "la1": 36, "lo2": 126, "la2": 7, "dx": 0.1, "dy": 0.1 }, "data":
[rows 36 to 71 of 291, columns 0 to 79 of 161]
0.192,0.055,-0.132,-0.306,-0.404,-0.432,-0.396,-0.322,-0.218,-0.077,0.068,0.195,0.3,0.377,0.43,0.458,0.468,0.459,0.439,0.414,0.385,0.362,0.348,0.34,0.342,0.348,0.355,0.361,0.359,0.341,0.308,0.265,0.23,0.207,0.186,0.181,0.184,0.191,0.208,0.227,0.237,0.233,0.24,0.268,0.288,0.286,0.267,0.21,0.143,0.111,0.092,0.062,0.027,-0.042,-0.123,-0.186,-0.213,-0.186,-0.128,-0.08,0.023,0.191,0.331,0.344,0.195,0.028,-0.109,"","",0.102,0.11,0.148,0.191,0.211,0.21,0.191,0.17,0.137,0.104,0.067
0.234,0.042,-0.147,-0.3,-0.385,-0.395,-0.349,-0.265,-0.142,0.004,0.143,0.261,0.355,0.427,0.474,0.495,0.497,0.484,0.459,0.424,0.389,0.36,0.34,0.33,0.331,0.333,0.335,0.331,0.321,0.301,0.273,0.243,0.223,0.202,0.182,0.174,0.181,0.205,0.242,0.265,0.267,0.26,0.228,0.237,0.263,0.278,0.261,0.207,0.149,0.15,0.161,0.13,0.053,-0.031,-0.127,-0.193,-0.198,-0.164,-0.123,-0.046,0.045,0.141,0.21,0.26,0.18,0.081,0.022,0.017,0.131,0.222,0.183,0.182,0.206,0.219,0.216,0.188,0.165,0.161,0.136,0.119
0.245,0.06,-0.113,-0.257,-0.329,-0.343,-0.291,-0.197,-0.066,0.083,0.221,0.332,0.416,0.471,0.509,0.527,0.525,0.504,0.468,0.427,0.387,0.353,0.329,0.315,0.309,0.306,0.302,0.296,0.284,0.264,0.237,0.214,0.196,0.183,0.176,0.173,0.178,0.191,0.221,0.258,0.277,0.247,0.195,0.167,0.194,0.218,0.232,0.185,0.187,0.216,0.234,0.181,0.09,-0.02,-0.128,-0.199,-0.204,-0.162,-0.081,0.029,0.116,0.166,0.214,0.21,0.163,0.115,0.122,0.177,0.245,0.255,0.217,0.191,0.196,0.204,0.21,0.195,0.169,0.168,0.16,0.142
0.237,0.069,-0.09,-0.194,-0.252,-0.263,-0.222,-0.123,0.013,0.152,0.289,0.399,0.471,0.516,0.547,0.557,0.548,0.517,0.473,0.426,0.384,0.348,0.32,0.3,0.288,0.28,0.274,0.264,0.248,0.226,0.204,0.186,0.175,0.167,0.166,0.168,0.172,0.182,0.206,0.242,0.292,0.284,0.237,0.206,0.175,0.188,0.254,0.269,0.25,0.289,0.298,0.206,0.114,-0.01,-0.129,-0.208,-0.217,-0.17,-0.073,0.031,0.127,0.209,0.253,0.229,0.15,0.118,0.144,0.203,0.259,0.264,0.228,0.206,0.209,0.213,0.208,0.183,0.167,0.15,0.152,0.136
0.24,0.111,-0.011,-0.103,-0.158,-0.178,-0.154,-0.055,0.082,0.218,0.347,0.445,0.518,0.563,0.586,0.588,0.567,0.524,0.473,0.426,0.384,0.346,0.316,0.293,0.278,0.267,0.256,0.246,0.231,0.217,0.209,0.197,0.184,0.175,0.169,0.168,0.174,0.188,0.202,0.226,0.254,0.276,0.273,0.228,0.218,0.208,0.207,0.246,0.325,0.377,0.349,0.264,0.147,0.014,-0.109,-0.203,-0.227,-0.187,-0.098,0.014,0.133,0.225,0.258,0.244,0.101,0.034,0.1,0.134,0.184,0.233,0.217,0.206,0.204,0.203,0.199,0.191,0.174,0.167,0.153,0.144
0.269,0.17,0.073,0.005,-0.057,-0.085,-0.077,0.007,0.135,0.275,0.4,0.494,0.556,0.593,0.611,0.604,0.575,0.525,0.473,0.425,0.382,0.348,0.322,0.3,0.283,0.273,0.268,0.26,0.25,0.24,0.227,0.212,0.198,0.188,0.185,0.188,0.193,0.191,0.185,0.162,0.169,0.223,0.245,0.222,0.174,0.149,0.184,0.231,0.261,0.271,0.336,0.291,0.172,0.04,-0.081,-0.184,-0.236,-0.21,-0.121,0.014,0.123,0.148,0.176,0.122,-0.064,-0.086,-0.046,-0.05,0.024,0.168,0.2,0.196,0.189,0.195,0.2,0.2,0.189,0.179,0.148,0.131
0.303,0.247,0.18,0.111,0.041,0.008,0.007,0.074,0.186,0.322,0.442,0.528,0.585,0.617,0.632,0.617,0.576,0.524,0.475,0.426,0.384,0.352,0.333,0.318,0.306,0.298,0.294,0.29,0.283,0.272,0.255,0.236,0.22,0.21,0.207,0.212,0.217,0.217,0.219,0.199,0.202,0.203,0.195,0.178,0.159,0.155,0.18,0.215,0.273,0.343,0.359,0.336,0.219,0.078,-0.046,-0.157,-0.23,-0.242,-0.172,-0.015,0.09,0.01,-0.064,-0.135,-0.229,"","","",-0.081,0.129,0.199,0.206,0.214,0.22,0.225,0.213,0.198,0.165,0.136,0.114
0.36,0.323,0.289,0.232,0.155,0.104,0.085,0.138,0.235,0.361,0.473,0.557,0.61,0.637,0.644,0.624,0.58,0.527,0.475,0.43,0.391,0.36,0.346,0.341,0.336,0.332,0.331,0.327,0.319,0.307,0.289,0.27,0.253,0.242,0.238,0.239,0.244,0.247,0.24,0.221,0.194,0.189,0.194,0.181,0.162,0.169,0.192,0.225,0.281,0.348,0.376,0.355,0.264,0.132,-0.001,-0.115,-0.198,-0.245,-0.213,-0.11,-0.08,"",-0.213,-0.257,-0.292,"","","",-0.034,0.13,0.21,0.226,0.245,0.257,0.257,0.234,0.199,0.166,0.127,0.09
0.417,0.409,0.395,0.338,0.258,0.2,0.155,0.194,0.282,0.396,0.503,0.579,0.625,0.645,0.646,0.623,0.582,0.53,0.477,0.435,0.401,0.379,0.368,0.368,0.37,0.371,0.368,0.364,0.357,0.345,0.329,0.31,0.294,0.281,0.273,0.272,0.277,0.277,0.27,0.249,0.235,0.212,0.219,0.211,0.198,0.186,0.186,0.192,0.231,0.284,0.302,0.321,0.274,0.168,0.051,-0.063,-0.156,-0.211,-0.207,-0.162,-0.143,"",-0.19,-0.237,-0.288,"","","",-0.012,0.126,0.207,0.241,0.272,0.294,0.288,0.247,0.196,0.156,0.123,0.084
0.47,0.488,0.467,0.426,0.352,0.29,0.226,0.235,0.312,0.418,0.523,0.592,0.63,0.645,0.637,0.616,0.58,0.533,0.489,0.451,0.419,0.398,0.39,0.393,0.398,0.403,0.405,0.4,0.392,0.377,0.361,0.344,0.329,0.318,0.311,0.306,0.303,0.305,0.3,0.283,0.274,0.268,0.25,0.22,0.208,0.189,0.185,0.17,0.16,0.18,0.195,0.235,0.229,0.166,0.074,-0.018,-0.099,-0.157,-0.164,-0.147,-0.138,-0.166,-0.129,-0.151,-0.18,-0.164,"","","",0.072,0.152,0.218,0.28,0.315,0.314,0.284,0.225,0.169,0.119,0.085
0.535,0.552,0.537,0.497,0.428,0.353,0.279,0.271,0.325,0.423,0.518,0.593,0.631,0.638,0.629,0.608,0.58,0.544,0.512,0.481,0.45,0.427,0.416,0.416,0.421,0.427,0.43,0.426,0.414,0.399,0.382,0.365,0.352,0.345,0.34,0.334,0.329,0.329,0.323,0.316,0.296,0.27,0.252,0.237,0.228,0.21,0.179,0.149,0.122,0.108,0.105,0.126,0.153,0.132,0.079,0.021,-0.048,-0.106,-0.118,-0.099,-0.094,-0.107,"",-0.021,-0.083,-0.075,-0.063,"","","",0.107,0.184,0.251,0.302,0.308,0.281,0.236,0.192,0.144,0.106
0.582,0.596,0.583,0.538,0.479,0.401,0.327,0.301,0.336,0.421,0.507,0.572,0.621,0.635,0.628,0.613,0.59,0.564,0.539,0.513,0.486,0.464,0.447,0.441,0.439,0.441,0.442,0.438,0.426,0.411,0.395,0.381,0.367,0.355,0.355,0.359,0.352,0.344,0.335,0.323,0.308,0.285,0.265,0.245,0.219,0.194,0.173,0.162,0.14,0.109,0.086,0.088,0.101,0.093,0.074,0.039,-0.018,-0.068,-0.081,-0.058,-0.03,0.005,0.051,0.062,0.011,-0.02,-0.057,-0.112,"","","",0.201,0.202,0.22,0.241,0.245,0.232,0.204,0.161,0.12
0.597,0.622,0.619,0.581,0.519,0.434,0.363,0.32,0.34,0.401,0.486,0.561,0.613,0.637,0.632,0.612,0.594,0.583,0.569,0.547,0.521,0.499,0.478,0.466,0.455,0.448,0.445,0.439,0.43,0.418,0.406,0.391,0.376,0.364,0.362,0.364,0.357,0.348,0.338,0.327,0.312,0.293,0.275,0.255,0.225,0.197,0.173,0.161,0.143,0.118,0.101,0.099,0.099,0.093,0.078,0.052,0.014,-0.031,-0.049,-0.036,-0.004,0.022,0.052,0.06,0.063,0.037,-0.029,-0.091,"","",0.093,0.151,0.129,0.114,0.133,0.179,0.207,0.19,0.155,0.108
0.624,0.646,0.65,0.626,0.559,0.477,0.396,0.342,0.343,0.389,0.453,0.525,0.588,0.615,0.621,0.607,0.594,0.588,0.581,0.567,0.545,0.523,0.504,0.488,0.471,0.457,0.446,0.437,0.428,0.419,0.407,0.394,0.385,0.375,0.364,0.361,0.356,0.346,0.338,0.329,0.315,0.296,0.275,0.258,0.237,0.211,0.185,0.166,0.156,0.134,0.112,0.101,0.1,0.098,0.09,0.074,0.045,0.002,-0.021,-0.012,0.009,0.033,0.056,0.086,0.116,0.111,0.108,0.068,0.024,0.103,0.132,0.126,0.078,0.059,0.081,0.144,0.16,0.155,0.13,0.088
0.642,0.665,0.675,0.658,0.599,0.52,0.432,0.37,0.345,0.375,0.425,0.482,0.535,0.575,0.593,0.593,0.587,0.578,0.569,0.563,0.552,0.537,0.521,0.506,0.487,0.469,0.45,0.435,0.423,0.409,0.398,0.394,0.388,0.377,0.368,0.361,0.356,0.348,0.342,0.332,0.319,0.303,0.28,0.261,0.241,0.22,0.197,0.173,0.159,0.145,0.123,0.108,0.109,0.111,0.109,0.098,0.071,0.024,-0.008,-0.007,0.014,0.038,0.064,0.094,0.134,0.158,0.172,0.171,0.171,0.187,0.174,0.124,0.079,0.062,0.06,0.078,0.104,0.106,0.086,0.048
0.652,0.677,0.689,0.677,0.633,0.557,0.469,0.402,0.368,0.371,0.408,0.467,0.511,0.553,0.572,0.575,0.576,0.57,0.557,0.55,0.544,0.536,0.525,0.514,0.497,0.474,0.453,0.435,0.419,0.402,0.388,0.379,0.374,0.371,0.368,0.365,0.363,0.358,0.35,0.34,0.327,0.314,0.295,0.273,0.258,0.24,0.219,0.195,0.173,0.157,0.138,0.129,0.128,0.132,0.129,0.119,0.088,0.039,0.005,-0.002,0.017,0.046,0.081,0.114,0.148,0.178,0.208,0.234,0.236,0.222,0.194,0.142,0.102,0.072,0.067,0.067,0.069,0.063,0.04,0.002
0.651,0.679,0.701,0.694,0.659,0.593,0.513,0.442,0.398,0.376,0.39,0.433,0.479,0.519,0.529,0.529,0.533,0.529,0.522,0.52,0.521,0.516,0.506,0.502,0.489,0.471,0.45,0.43,0.408,0.392,0.375,0.363,0.357,0.361,0.362,0.363,0.369,0.371,0.365,0.355,0.342,0.329,0.313,0.289,0.272,0.259,0.247,0.228,0.205,0.186,0.169,0.157,0.152,0.152,0.148,0.136,0.102,0.048,0.017,0.013,0.022,0.046,0.076,0.111,0.149,0.181,0.206,0.23,0.241,0.23,0.2,0.152,0.115,0.096,0.084,0.072,0.054,0.031,0.002,-0.037
0.649,0.678,0.699,0.7,0.677,0.629,0.566,0.5,0.441,0.41,0.415,0.433,0.451,0.472,0.486,0.485,0.474,0.466,0.467,0.473,0.475,0.466,0.465,0.466,0.458,0.444,0.428,0.409,0.388,0.372,0.356,0.342,0.339,0.343,0.351,0.358,0.368,0.378,0.378,0.371,0.36,0.347,0.337,0.318,0.297,0.284,0.275,0.262,0.246,0.228,0.214,0.198,0.186,0.178,0.169,0.152,0.112,0.058,0.03,0.025,0.027,0.041,0.068,0.107,0.143,0.163,0.181,0.193,0.199,0.193,0.173,0.145,0.115,0.095,0.08,0.058,0.03,-0.003,-0.034,-0.07
0.651,0.673,0.692,0.699,0.684,0.653,0.607,0.558,0.501,0.459,0.447,0.443,0.435,0.433,0.435,0.436,0.43,0.423,0.413,0.421,0.425,0.413,0.414,0.415,0.408,0.397,0.388,0.373,0.357,0.343,0.331,0.323,0.32,0.324,0.333,0.348,0.359,0.373,0.38,0.381,0.374,0.365,0.357,0.346,0.329,0.317,0.309,0.304,0.29,0.277,0.266,0.251,0.23,0.213,0.193,0.168,0.123,0.066,0.039,0.033,0.031,0.045,0.069,0.102,0.134,0.14,0.145,0.15,0.147,0.141,0.13,0.116,0.094,0.072,0.052,0.031,0.002,-0.029,-0.058,-0.089
0.655,0.664,0.673,0.688,0.689,0.679,0.65,0.611,0.56,0.515,0.482,0.46,0.432,0.406,0.39,0.386,0.384,0.374,0.368,0.38,0.382,0.365,0.36,0.357,0.35,0.345,0.341,0.335,0.324,0.314,0.307,0.307,0.307,0.308,0.313,0.326,0.342,0.361,0.376,0.382,0.382,0.38,0.376,0.373,0.37,0.36,0.354,0.351,0.338,0.329,0.318,0.302,0.28,0.254,0.223,0.181,0.126,0.078,0.052,0.04,0.033,0.049,0.073,0.097,0.12,0.123,0.116,0.107,0.098,0.092,0.087,0.078,0.062,0.043,0.027,0.007,-0.016,-0.041,-0.066,-0.088
0.638,0.635,0.65,0.675,0.693,0.699,0.691,0.666,0.617,0.563,0.519,0.478,0.432,0.39,0.36,0.34,0.333,0.338,0.344,0.344,0.339,0.326,0.312,0.305,0.299,0.299,0.298,0.297,0.29,0.287,0.286,0.286,0.289,0.292,0.297,0.309,0.325,0.346,0.366,0.379,0.387,0.391,0.397,0.4,0.406,0.41,0.408,0.399,0.391,0.381,0.365,0.347,0.324,0.293,0.254,0.198,0.133,0.086,0.067,0.056,0.045,0.051,0.078,0.102,0.115,0.115,0.104,0.085,0.066,0.054,0.046,0.034,0.015,0.003,-0.006,-0.015,-0.028,-0.044,-0.059,-0.076
0.592,0.597,0.628,0.668,0.703,0.727,0.728,0.71,0.668,0.608,0.547,0.496,0.438,0.378,0.332,0.31,0.311,0.319,0.324,0.32,0.311,0.296,0.279,0.268,0.264,0.263,0.261,0.261,0.257,0.257,0.258,0.262,0.269,0.276,0.283,0.296,0.313,0.333,0.354,0.373,0.389,0.401,0.414,0.428,0.441,0.454,0.458,0.451,0.439,0.427,0.408,0.384,0.357,0.325,0.281,0.214,0.142,0.103,0.087,0.079,0.068,0.068,0.086,0.112,0.123,0.112,0.096,0.072,0.046,0.026,0.01,-0.008,-0.022,-0.028,-0.033,-0.031,-0.031,-0.036,-0.044,-0.054
0.563,0.584,0.631,0.673,0.72,0.752,0.763,0.747,0.705,0.645,0.576,0.51,0.447,0.39,0.34,0.313,0.303,0.301,0.308,0.312,0.3,0.281,0.259,0.245,0.238,0.236,0.232,0.23,0.23,0.233,0.233,0.24,0.25,0.261,0.276,0.294,0.316,0.339,0.361,0.38,0.398,0.414,0.434,0.455,0.477,0.497,0.503,0.497,0.482,0.465,0.442,0.417,0.386,0.343,0.283,0.213,0.152,0.117,0.101,0.096,0.098,0.102,0.113,0.129,0.135,0.121,0.094,0.059,0.027,0.003,-0.014,-0.025,-0.031,-0.035,-0.033,-0.028,-0.02,-0.014,-0.02,-0.026
0.471,0.524,0.583,0.657,0.733,0.773,0.782,0.777,0.743,0.685,0.609,0.538,0.472,0.416,0.368,0.333,0.316,0.308,0.303,0.305,0.295,0.269,0.246,0.232,0.221,0.211,0.204,0.202,0.2,0.202,0.204,0.214,0.233,0.254,0.278,0.305,0.332,0.359,0.382,0.401,0.418,0.437,0.459,0.487,0.517,0.54,0.544,0.534,0.514,0.492,0.47,0.443,0.408,0.351,0.273,0.203,0.158,0.13,0.114,0.109,0.114,0.125,0.137,0.148,0.15,0.134,0.101,0.061,0.022,-0.005,-0.023,-0.031,-0.031,-0.026,-0.012,0.002,0.011,0.019,0.018,0.015
0.302,0.343,0.418,0.541,0.682,0.751,0.794,0.817,0.791,0.736,0.661,0.593,0.521,0.454,0.406,0.373,0.345,0.322,0.307,0.293,0.283,0.26,0.237,0.218,0.201,0.19,0.184,0.18,0.175,0.176,0.184,0.2,0.223,0.254,0.288,0.324,0.361,0.393,0.419,0.438,0.456,0.473,0.495,0.524,0.555,0.574,0.573,0.561,0.537,0.51,0.488,0.462,0.419,0.35,0.269,0.208,0.169,0.143,0.132,0.131,0.136,0.142,0.151,0.156,0.155,0.137,0.104,0.065,0.033,0.006,-0.011,-0.02,-0.016,-0.003,0.018,0.041,0.057,0.066,0.066,0.067
0.078,0.1,0.162,0.285,0.492,0.621,0.715,0.797,0.834,0.8,0.731,0.665,0.602,0.53,0.463,0.412,0.368,0.331,0.306,0.29,0.27,0.247,0.226,0.199,0.178,0.17,0.17,0.168,0.166,0.169,0.184,0.203,0.234,0.271,0.311,0.358,0.401,0.435,0.463,0.485,0.504,0.522,0.541,0.565,0.584,0.594,0.588,0.572,0.55,0.523,0.5,0.466,0.413,0.338,0.262,0.209,0.177,0.157,0.148,0.15,0.154,0.157,0.156,0.153,0.142,0.117,0.083,0.052,0.03,0.018,0.007,0.004,0.012,0.035,0.062,0.088,0.108,0.123,0.126,0.128
-0.028,-0.026,0.015,0.083,0.225,0.37,0.504,0.647,0.772,0.815,0.778,0.733,0.675,0.606,0.533,0.463,0.403,0.346,0.304,0.271,0.241,0.216,0.198,0.172,0.153,0.152,0.156,0.16,0.164,0.176,0.198,0.222,0.258,0.302,0.355,0.406,0.449,0.486,0.515,0.538,0.558,0.576,0.59,0.597,0.599,0.594,0.582,0.563,0.538,0.519,0.496,0.457,0.388,0.31,0.249,0.208,0.179,0.164,0.16,0.16,0.158,0.156,0.149,0.133,0.114,0.087,0.061,0.041,0.033,0.03,0.031,0.036,0.05,0.078,0.11,0.142,0.165,0.172,0.181,0.183
-0.057,-0.045,-0.015,0.031,0.101,0.181,0.27,0.398,0.56,0.681,0.727,0.703,0.678,0.626,0.562,0.488,0.421,0.355,0.285,0.236,0.194,0.166,0.154,0.148,0.141,0.137,0.144,0.159,0.167,0.187,0.221,0.262,0.307,0.358,0.413,0.463,0.508,0.545,0.57,0.589,0.602,0.612,0.612,0.609,0.596,0.574,0.555,0.541,0.524,0.51,0.477,0.428,0.355,0.282,0.233,0.198,0.176,0.165,0.161,0.162,0.16,0.149,0.132,0.11,0.087,0.061,0.044,0.035,0.039,0.048,0.058,0.072,0.091,0.119,0.156,0.194,0.216,0.222,0.228,0.226
-0.057,-0.047,-0.023,0.017,0.068,0.122,0.18,0.234,0.319,0.435,0.55,0.575,0.582,0.549,0.495,0.438,0.375,0.309,0.235,0.165,0.125,0.103,0.103,0.115,0.121,0.126,0.136,0.153,0.175,0.21,0.254,0.31,0.376,0.433,0.481,0.525,0.567,0.599,0.619,0.63,0.634,0.628,0.61,0.589,0.567,0.549,0.532,0.521,0.511,0.49,0.446,0.381,0.314,0.255,0.218,0.189,0.172,0.167,0.164,0.161,0.156,0.141,0.117,0.091,0.065,0.042,0.027,0.026,0.039,0.06,0.082,0.105,0.132,0.164,0.204,0.237,0.254,0.264,0.266,0.26
-0.051,-0.038,-0.02,0.02,0.061,0.107,0.152,0.18,0.213,0.265,0.334,0.393,0.421,0.421,0.381,0.331,0.277,0.218,0.155,0.074,0.024,0.025,0.049,0.082,0.105,0.121,0.133,0.168,0.205,0.254,0.313,0.383,0.447,0.498,0.538,0.576,0.608,0.632,0.647,0.652,0.645,0.623,0.589,0.556,0.529,0.513,0.506,0.502,0.485,0.444,0.385,0.318,0.261,0.221,0.187,0.159,0.154,0.161,0.166,0.164,0.153,0.134,0.107,0.078,0.051,0.028,0.015,0.018,0.037,0.065,0.097,0.132,0.168,0.204,0.24,0.268,0.284,0.291,0.293,0.286
-0.038,-0.025,-0.017,0.01,0.051,0.092,0.131,0.164,0.179,0.202,0.229,0.244,0.255,0.262,0.245,0.208,0.14,0.083,0.022,-0.033,-0.071,-0.046,0.012,0.067,0.104,0.124,0.16,0.215,0.256,0.315,0.386,0.453,0.507,0.548,0.585,0.613,0.631,0.644,0.652,0.65,0.632,0.601,0.561,0.526,0.5,0.482,0.474,0.464,0.437,0.388,0.323,0.256,0.21,0.176,0.138,0.117,0.127,0.144,0.149,0.148,0.139,0.12,0.094,0.065,0.038,0.017,0.006,0.012,0.034,0.066,0.104,0.149,0.193,0.231,0.263,0.284,0.295,0.302,0.301,0.288
-0.013,-0.015,-0.014,0.002,0.033,0.069,0.105,0.137,0.155,0.176,0.192,0.193,0.191,0.176,0.136,0.098,0.035,-0.045,-0.102,-0.129,-0.119,-0.071,0.006,0.071,0.115,0.154,0.203,0.259,0.319,0.376,0.452,0.521,0.567,0.596,0.62,0.636,0.643,0.645,0.641,0.631,0.605,0.568,0.531,0.497,0.474,0.46,0.446,0.417,0.373,0.321,0.267,0.215,0.167,0.136,0.11,0.094,0.1,0.114,0.121,0.124,0.117,0.101,0.077,0.051,0.027,0.01,0.003,0.011,0.032,0.066,0.11,0.161,0.208,0.245,0.271,0.286,0.292,0.293,0.285,0.263
0.026,0.008,0,0.004,0.023,0.052,0.081,0.109,0.134,0.154,0.166,0.165,0.152,0.123,0.078,0.027,-0.024,-0.094,-0.147,-0.156,-0.128,-0.06,0.02,0.085,0.129,0.166,0.203,0.272,0.364,0.428,0.5,0.565,0.602,0.618,0.631,0.642,0.645,0.639,0.625,0.606,0.579,0.545,0.511,0.479,0.458,0.436,0.405,0.357,0.293,0.237,0.195,0.162,0.125,0.092,0.087,0.082,0.078,0.087,0.098,0.099,0.091,0.077,0.061,0.042,0.026,0.012,0.008,0.016,0.036,0.072,0.121,0.176,0.224,0.26,0.281,0.287,0.287,0.282,0.264,0.24
0.053,0.034,0.018,0.014,0.024,0.046,0.072,0.098,0.12,0.138,0.149,0.151,0.134,0.095,0.049,-0.006,-0.058,-0.108,-0.151,-0.151,-0.11,-0.044,0.035,0.095,0.142,0.178,0.226,0.301,0.379,0.455,0.524,0.569,0.587,0.604,0.62,0.627,0.629,0.62,0.601,0.578,0.554,0.53,0.504,0.473,0.441,0.403,0.355,0.294,0.233,0.178,0.129,0.111,0.1,0.085,0.074,0.062,0.06,0.072,0.089,0.092,0.082,0.071,0.058,0.041,0.03,0.023,0.025,0.031,0.051,0.09,0.141,0.196,0.245,0.277,0.289,0.287,0.281,0.268,0.246,0.22
0.084,0.059,0.038,0.028,0.037,0.052,0.073,0.098,0.115,0.127,0.137,0.139,0.121,0.08,0.023,-0.029,-0.086,-0.124,-0.146,-0.134,-0.088,-0.022,0.049,0.112,0.157,0.2,0.243,0.307,0.384,0.45,0.501,0.535,0.547,0.556,0.574,0.591,0.598,0.593,0.578,0.56,0.541,0.52,0.496,0.464,0.421,0.371,0.317,0.261,0.196,0.139,0.095,0.07,0.056,0.049,0.054,0.056,0.059,0.073,0.094,0.112,0.114,0.099,0.079,0.06,0.048,0.046,0.047,0.057,0.08,0.122,0.175,0.228,0.271,0.293,0.296,0.289,0.277,0.257,0.228,0.202
0.117,0.086,0.063,0.047,0.052,0.069,0.095,0.114,0.125,0.128,0.129,0.127,0.108,0.06,-0.004,-0.064,-0.11,-0.143,-0.142,-0.116,-0.065,-0.005,0.057,0.123,0.178,0.213,0.252,0.301,0.353,0.401,0.44,0.464,0.484,0.502,0.523,0.552,0.57,0.574,0.566,0.554,0.538,0.518,0.492,0.456,0.41,0.359,0.299,0.237,0.177,0.12,0.066,0.033,0.023,0.027,0.041,0.06,0.084,0.104,0.124,0.138,0.142,0.135,0.116,0.096,0.078,0.072,0.078,0.09,0.113,0.155,0.206,0.255,0.293,0.307,0.304,0.295,0.28,0.253,0.22,0.193
