public/layers/ocf2.json
{"header": { "parameterCategory": 2, "parameterNumber": 2, "scanMode": 0, "nx": 161, "ny": 291, "lo1": 110, "la1": 36, "lo2": 126, "la2": 7, "dx": 0.1, "dy": 0.1 }, "data":
[rows 0 to 34 of 291, columns 80 to 159 of 161]
-0.166,-0.246,-0.28,-0.279,-0.132,-0.067,-0.181,-0.265,-0.225,-0.196,-0.198,-0.221,-0.262,-0.316,-0.375,-0.434,-0.482,-0.545,-0.606,-0.655,-0.666,-0.662,-0.653,-0.644,-0.636,-0.604,-0.577,-0.55,-0.505,-0.457,-0.431,-0.401,-0.34,-0.266,-0.246,-0.298,-0.321,-0.227,-0.079,0.002,"","","","",-0.022,-0.071,-0.185,-0.259,-0.299,-0.317,-0.311,-0.302,-0.307,-0.345,-0.35,-0.355,-0.289,-0.195,-0.137,-0.158,"","","","","","","","","","","","","","","","",0.008,"",-0.199,0.344
-0.22,-0.317,-0.374,-0.359,-0.231,-0.128,-0.205,-0.269,-0.215,-0.216,-0.252,-0.301,-0.355,-0.41,-0.463,-0.498,-0.533,-0.577,-0.627,-0.66,-0.657,-0.631,-0.607,-0.583,-0.558,-0.527,-0.491,-0.46,-0.431,-0.398,-0.381,-0.354,-0.326,-0.3,-0.292,-0.308,-0.287,-0.233,-0.119,0,"","","","",-0.042,-0.085,-0.123,-0.192,-0.23,-0.224,-0.231,-0.241,-0.25,-0.287,-0.275,-0.29,-0.272,-0.205,-0.211,-0.264,-0.288,"","","","","","","","","","","","","","","","","",0.197,0.419
-0.255,-0.351,-0.42,-0.412,-0.289,-0.183,-0.303,-0.326,-0.25,-0.258,-0.314,-0.388,-0.459,-0.511,-0.541,-0.553,-0.573,-0.598,-0.621,-0.632,-0.612,-0.575,-0.536,-0.5,-0.467,-0.431,-0.397,-0.369,-0.342,-0.32,-0.316,-0.313,-0.308,-0.299,-0.291,-0.293,-0.218,-0.183,-0.08,0.042,"","","","",-0.063,-0.106,-0.1,-0.101,-0.118,-0.124,-0.136,-0.187,-0.219,-0.221,-0.215,-0.242,-0.282,-0.238,-0.263,-0.36,-0.462,-0.289,"","","","","","","","","","","","","","","","",0.112,""
-0.276,-0.375,-0.432,-0.435,-0.351,-0.264,-0.366,-0.408,-0.334,-0.326,-0.386,-0.473,-0.556,-0.603,-0.615,-0.604,-0.607,-0.607,-0.601,-0.593,-0.559,-0.512,-0.46,-0.414,-0.373,-0.338,-0.306,-0.277,-0.257,-0.249,-0.256,-0.266,-0.275,-0.276,-0.271,-0.24,-0.197,-0.183,-0.048,0.078,0.023,"","","","",-0.118,-0.1,-0.064,"","",-0.065,-0.122,-0.169,-0.142,-0.159,-0.245,-0.317,-0.262,-0.277,-0.349,-0.428,-0.32,-0.029,"","","","","","","","","","","","","","","",-0.002,""
-0.316,-0.387,-0.432,-0.447,-0.429,-0.391,-0.433,-0.48,-0.449,-0.433,-0.483,-0.567,-0.641,-0.674,-0.677,-0.648,-0.635,-0.619,-0.587,-0.552,-0.513,-0.463,-0.403,-0.347,-0.3,-0.26,-0.227,-0.202,-0.188,-0.188,-0.202,-0.22,-0.239,-0.248,-0.256,-0.251,-0.23,-0.215,-0.091,0.008,-0.002,"","","","","","","","","","",-0.051,-0.084,-0.054,"",-0.161,-0.269,-0.261,-0.279,-0.293,-0.257,-0.188,"","","","","","","","","","","","","","","","","",""
-0.369,-0.412,-0.44,-0.471,-0.493,-0.509,-0.516,-0.54,-0.545,-0.55,-0.592,-0.669,-0.715,-0.742,-0.723,-0.692,-0.666,-0.628,-0.584,-0.536,-0.488,-0.437,-0.373,-0.309,-0.255,-0.212,-0.176,-0.153,-0.143,-0.146,-0.159,-0.186,-0.22,-0.235,-0.248,-0.278,-0.296,-0.271,-0.165,-0.065,-0.027,"","","","","","","","","","","","","","",-0.093,-0.152,-0.084,-0.151,-0.173,-0.09,"","","","","","","","","","","","","","","","","","",""
-0.4,-0.438,-0.479,-0.528,-0.559,-0.586,-0.581,-0.588,-0.605,-0.638,-0.688,-0.741,-0.77,-0.773,-0.747,-0.722,-0.693,-0.642,-0.59,-0.544,-0.495,-0.437,-0.366,-0.3,-0.244,-0.202,-0.161,-0.137,-0.125,-0.126,-0.137,-0.168,-0.206,-0.226,-0.241,-0.277,-0.325,-0.327,-0.242,-0.093,-0.023,"","","","","","","","","","","","","","",-0.023,-0.071,-0.064,-0.1,-0.048,-0.017,"","","","","","","","","","","","","","","","","","",""
-0.425,-0.461,-0.496,-0.57,-0.624,-0.643,-0.612,-0.624,-0.637,-0.691,-0.751,-0.782,-0.789,-0.775,-0.748,-0.73,-0.7,-0.648,-0.599,-0.555,-0.504,-0.442,-0.37,-0.307,-0.258,-0.219,-0.178,-0.147,-0.13,-0.129,-0.135,-0.16,-0.195,-0.208,-0.213,-0.245,-0.3,-0.338,-0.315,-0.137,0.001,0.029,"","","","","","","","","","","","","",-0.002,-0.024,-0.02,-0.029,"","","","","","","","","","","","","","","","","","","","",""
-0.443,-0.48,-0.517,-0.58,-0.625,-0.642,-0.632,-0.65,-0.665,-0.708,-0.757,-0.782,-0.79,-0.759,-0.729,-0.724,-0.695,-0.647,-0.605,-0.562,-0.517,-0.456,-0.383,-0.326,-0.282,-0.245,-0.208,-0.177,-0.158,-0.151,-0.149,-0.167,-0.197,-0.201,-0.198,-0.22,-0.266,-0.303,-0.267,-0.11,0.063,0.045,"","","","","","","","","","","","","","",0.037,"","","","","","","","","","","","","","","","","","","","","","",""
-0.467,-0.502,-0.535,-0.565,-0.587,-0.622,-0.644,-0.665,-0.684,-0.712,-0.741,-0.762,-0.767,-0.726,-0.711,-0.714,-0.688,-0.644,-0.607,-0.567,-0.524,-0.466,-0.405,-0.358,-0.324,-0.288,-0.252,-0.223,-0.201,-0.185,-0.179,-0.188,-0.203,-0.203,-0.196,-0.208,-0.226,-0.235,-0.197,-0.049,0.027,-0.011,"","","","","","","","","","","","","","","","","","","","","","","","","","","","","","","","","","","","","",""
-0.488,-0.523,-0.547,-0.56,-0.585,-0.619,-0.652,-0.674,-0.691,-0.704,-0.727,-0.744,-0.753,-0.719,-0.707,-0.697,-0.676,-0.64,-0.606,-0.574,-0.539,-0.479,-0.429,-0.398,-0.37,-0.337,-0.306,-0.278,-0.252,-0.228,-0.214,-0.212,-0.215,-0.215,-0.208,-0.208,-0.197,-0.191,-0.155,-0.073,-0.102,-0.108,-0.178,"","","","","","","","","","","","","","","","","","","","","","","","","","","","","","","","","","","","",""
-0.491,-0.522,-0.543,-0.567,-0.592,-0.624,-0.654,-0.674,-0.682,-0.684,-0.707,-0.733,-0.737,-0.722,-0.708,-0.684,-0.662,-0.634,-0.603,-0.579,-0.554,-0.513,-0.466,-0.436,-0.41,-0.387,-0.362,-0.336,-0.309,-0.281,-0.258,-0.244,-0.24,-0.242,-0.24,-0.234,-0.222,-0.216,-0.181,-0.141,-0.204,-0.274,-0.316,-0.364,-0.389,-0.414,"","","","","","","","","","","","","","","","","","","","","","","","","","","","","","","","","",""
-0.485,-0.512,-0.534,-0.563,-0.589,-0.619,-0.645,-0.662,-0.666,-0.667,-0.683,-0.715,-0.718,-0.724,-0.723,-0.693,-0.659,-0.635,-0.609,-0.582,-0.565,-0.539,-0.505,-0.473,-0.453,-0.435,-0.416,-0.391,-0.363,-0.336,-0.305,-0.282,-0.274,-0.278,-0.29,-0.285,-0.286,-0.272,-0.257,-0.27,-0.324,-0.408,-0.433,-0.417,-0.435,-0.429,-0.364,-0.296,-0.204,-0.1,"","","","","","","","","",-0.026,-0.036,-0.032,"","","","","","","","","","","","","","","","","",""
-0.468,-0.495,-0.522,-0.547,-0.572,-0.599,-0.623,-0.64,-0.646,-0.658,-0.671,-0.697,-0.712,-0.725,-0.736,-0.706,-0.673,-0.648,-0.634,-0.605,-0.58,-0.554,-0.527,-0.502,-0.49,-0.474,-0.457,-0.435,-0.41,-0.386,-0.358,-0.332,-0.321,-0.329,-0.347,-0.357,-0.348,-0.343,-0.353,-0.387,-0.424,-0.473,-0.49,-0.492,-0.504,-0.479,-0.432,-0.368,-0.264,-0.149,"","","","","","","","","",-0.024,-0.036,-0.027,-0.015,"","","","","","","","","","","","","","","","",""
-0.418,-0.461,-0.502,-0.522,-0.542,-0.569,-0.591,-0.607,-0.623,-0.643,-0.655,-0.674,-0.693,-0.708,-0.712,-0.694,-0.68,-0.664,-0.664,-0.639,-0.607,-0.569,-0.538,-0.521,-0.511,-0.503,-0.489,-0.475,-0.457,-0.437,-0.415,-0.393,-0.378,-0.376,-0.395,-0.41,-0.402,-0.41,-0.438,-0.461,-0.482,-0.515,-0.536,-0.558,-0.571,-0.551,-0.525,-0.492,-0.441,-0.344,"","","","","","","","","",-0.053,-0.052,-0.032,-0.021,"","","","","","","","","","","","","","","","",""
-0.364,-0.423,-0.463,-0.487,-0.504,-0.53,-0.55,-0.566,-0.592,-0.615,-0.627,-0.643,-0.655,-0.671,-0.676,-0.66,-0.659,-0.666,-0.677,-0.672,-0.645,-0.603,-0.565,-0.539,-0.519,-0.522,-0.519,-0.513,-0.501,-0.484,-0.468,-0.452,-0.436,-0.425,-0.429,-0.434,-0.449,-0.462,-0.485,-0.499,-0.505,-0.526,-0.544,-0.571,-0.591,-0.599,-0.612,-0.633,-0.636,-0.601,-0.519,"","","","","","","",-0.137,-0.091,-0.081,-0.067,-0.052,-0.033,"","","","","","","","","","","","","","","",""
-0.306,-0.353,-0.393,-0.43,-0.462,-0.485,-0.503,-0.524,-0.552,-0.573,-0.588,-0.604,-0.608,-0.618,-0.63,-0.627,-0.622,-0.642,-0.673,-0.702,-0.682,-0.647,-0.6,-0.566,-0.534,-0.54,-0.544,-0.543,-0.535,-0.525,-0.514,-0.499,-0.479,-0.465,-0.458,-0.453,-0.472,-0.494,-0.499,-0.502,-0.503,-0.508,-0.52,-0.544,-0.566,-0.6,-0.643,-0.686,-0.704,-0.705,-0.686,-0.585,-0.407,-0.182,"","","","",-0.236,-0.157,-0.129,-0.112,-0.098,-0.083,-0.077,-0.057,-0.025,0.006,"","","","","","","","","","","",""
-0.204,-0.257,-0.322,-0.368,-0.409,-0.441,-0.46,-0.479,-0.501,-0.524,-0.542,-0.55,-0.559,-0.57,-0.584,-0.593,-0.597,-0.616,-0.659,-0.714,-0.703,-0.674,-0.617,-0.59,-0.555,-0.555,-0.558,-0.563,-0.558,-0.551,-0.543,-0.525,-0.502,-0.483,-0.475,-0.465,-0.477,-0.49,-0.489,-0.48,-0.478,-0.478,-0.477,-0.489,-0.507,-0.532,-0.58,-0.642,-0.68,-0.702,-0.702,-0.667,-0.556,-0.454,-0.39,-0.452,-0.459,-0.429,-0.321,-0.231,-0.188,-0.156,-0.145,-0.14,-0.134,-0.097,-0.049,-0.015,"","","","","","","","","","","",""
-0.121,-0.173,-0.229,-0.299,-0.348,-0.391,-0.417,-0.435,-0.451,-0.471,-0.492,-0.503,-0.51,-0.53,-0.545,-0.557,-0.563,-0.585,-0.633,-0.72,-0.722,-0.67,-0.607,-0.58,-0.561,-0.562,-0.557,-0.565,-0.563,-0.558,-0.551,-0.532,-0.51,-0.488,-0.468,-0.46,-0.456,-0.461,-0.456,-0.445,-0.437,-0.432,-0.426,-0.42,-0.424,-0.437,-0.472,-0.528,-0.574,-0.625,-0.644,-0.68,-0.67,-0.662,-0.66,-0.634,-0.544,-0.449,-0.347,-0.267,-0.221,-0.193,-0.178,-0.169,-0.163,-0.127,-0.073,-0.036,"","","","","","","","","","","",""
"",-0.112,-0.153,-0.22,-0.293,-0.333,-0.363,-0.384,-0.403,-0.422,-0.439,-0.456,-0.468,-0.487,-0.51,-0.522,-0.52,-0.536,-0.596,-0.697,-0.732,-0.645,-0.576,-0.539,-0.534,-0.537,-0.543,-0.552,-0.558,-0.552,-0.538,-0.523,-0.511,-0.481,-0.448,-0.426,-0.418,-0.414,-0.407,-0.399,-0.387,-0.374,-0.355,-0.335,-0.321,-0.326,-0.338,-0.366,-0.404,-0.457,-0.547,-0.613,-0.647,-0.666,-0.665,-0.624,-0.521,-0.432,-0.334,-0.275,-0.237,-0.213,-0.191,-0.176,-0.163,-0.136,-0.093,-0.054,"","","",-0.008,"","","","","","","",""
"","",-0.106,-0.158,-0.221,-0.266,-0.297,-0.325,-0.356,-0.381,-0.397,-0.411,-0.424,-0.444,-0.47,-0.487,-0.488,-0.493,-0.543,-0.633,-0.695,-0.636,-0.571,-0.525,-0.503,-0.508,-0.527,-0.537,-0.537,-0.53,-0.52,-0.509,-0.499,-0.466,-0.423,-0.392,-0.372,-0.36,-0.354,-0.344,-0.331,-0.312,-0.286,-0.251,-0.226,-0.22,-0.215,-0.212,-0.219,-0.247,-0.329,-0.423,-0.46,-0.445,-0.421,-0.441,-0.408,-0.37,-0.307,-0.27,-0.244,-0.224,-0.202,-0.182,-0.159,-0.136,-0.083,-0.068,-0.076,-0.082,-0.071,-0.045,-0.032,"",-0.009,"","","","",""
"","","",-0.095,-0.131,-0.173,-0.213,-0.26,-0.31,-0.346,-0.362,-0.367,-0.379,-0.401,-0.431,-0.454,-0.464,-0.468,-0.488,-0.547,-0.602,-0.59,-0.547,-0.514,-0.501,-0.492,-0.492,-0.502,-0.509,-0.51,-0.495,-0.48,-0.466,-0.441,-0.397,-0.36,-0.327,-0.304,-0.299,-0.291,-0.274,-0.25,-0.222,-0.188,-0.16,-0.152,-0.136,-0.105,-0.096,-0.069,"","",-0.249,-0.207,-0.181,-0.169,-0.215,-0.246,-0.256,-0.251,-0.233,-0.223,-0.207,-0.187,-0.157,-0.126,-0.066,-0.028,-0.077,-0.112,-0.108,-0.095,-0.09,-0.068,-0.017,-0.001,"","","",""
"","","","","",-0.085,-0.135,-0.201,-0.263,-0.311,-0.332,-0.333,-0.341,-0.361,-0.388,-0.415,-0.433,-0.442,-0.442,-0.458,-0.495,-0.5,-0.486,-0.477,-0.469,-0.455,-0.447,-0.464,-0.491,-0.475,-0.46,-0.462,-0.462,-0.422,-0.362,-0.32,-0.286,-0.26,-0.248,-0.245,-0.228,-0.206,-0.183,-0.15,-0.124,-0.119,-0.101,-0.058,-0.042,"","","","",-0.084,-0.103,-0.029,"",-0.105,-0.191,-0.205,-0.216,-0.219,-0.21,-0.198,-0.173,-0.143,-0.11,"",-0.069,-0.123,-0.122,-0.104,-0.101,-0.074,-0.015,-0.001,"","","",""
"","","","","","",-0.068,-0.144,-0.211,-0.269,-0.301,-0.308,-0.314,-0.327,-0.348,-0.372,-0.391,-0.404,-0.402,-0.401,-0.405,-0.421,-0.429,-0.42,-0.405,-0.398,-0.401,-0.411,-0.438,-0.425,-0.419,-0.439,-0.454,-0.408,-0.34,-0.298,-0.256,-0.225,-0.211,-0.207,-0.194,-0.173,-0.162,-0.122,-0.09,-0.1,-0.078,-0.047,-0.031,"","","","",-0.04,-0.144,-0.169,-0.148,-0.145,-0.17,-0.178,-0.205,-0.207,-0.206,-0.207,-0.205,-0.2,-0.211,-0.21,-0.164,-0.148,-0.13,-0.099,-0.088,-0.065,-0.015,"","","","",""
"","","","","","","",-0.085,-0.166,-0.227,-0.265,-0.277,-0.283,-0.296,-0.31,-0.329,-0.351,-0.366,-0.357,-0.353,-0.349,-0.361,-0.38,-0.373,-0.362,-0.356,-0.351,-0.347,-0.378,-0.373,-0.393,-0.402,-0.419,-0.385,-0.319,-0.287,-0.243,-0.208,-0.188,-0.173,-0.162,-0.153,-0.156,-0.094,-0.058,-0.065,-0.051,"","","","","","",-0.09,-0.145,-0.159,-0.148,-0.121,-0.145,-0.147,-0.178,-0.175,-0.19,-0.2,-0.213,-0.228,-0.239,-0.23,-0.21,-0.175,-0.134,-0.099,-0.076,-0.052,-0.012,"","","","",""
-0.059,"","","","","","",-0.048,-0.138,-0.188,-0.223,-0.244,-0.259,-0.27,-0.277,-0.286,-0.308,-0.337,-0.334,-0.322,-0.316,-0.316,-0.33,-0.33,-0.318,-0.317,-0.319,-0.331,-0.34,-0.327,-0.372,-0.381,-0.377,-0.338,-0.292,-0.28,-0.244,-0.201,-0.176,-0.148,-0.141,-0.127,-0.118,-0.065,-0.013,0.007,"","","","","","",-0.067,-0.016,"",-0.106,-0.119,-0.106,-0.106,-0.113,-0.126,-0.129,-0.153,-0.168,-0.191,-0.213,-0.225,-0.224,-0.205,-0.169,-0.13,-0.089,-0.053,-0.026,-0.005,"","","","",""
-0.072,-0.042,0,"","","","","",-0.108,-0.159,-0.184,-0.204,-0.236,-0.249,-0.253,-0.257,-0.275,-0.308,-0.321,-0.306,-0.298,-0.29,-0.286,-0.278,-0.266,-0.271,-0.286,-0.302,-0.301,-0.309,-0.323,-0.251,-0.166,-0.168,-0.225,-0.236,-0.24,-0.202,-0.191,-0.141,-0.132,-0.117,-0.078,-0.048,0.034,"","","","","","","",-0.015,0.004,"",-0.062,-0.089,-0.093,"","","","",-0.113,-0.127,-0.143,-0.168,-0.179,-0.181,-0.158,-0.137,-0.111,-0.072,-0.042,-0.014,0.004,"","","","",""
-0.091,-0.065,-0.03,0.001,"","","","",-0.059,-0.124,-0.143,-0.163,-0.204,-0.22,-0.232,-0.249,-0.266,-0.285,-0.296,-0.296,-0.283,-0.262,-0.245,-0.234,-0.224,-0.225,-0.23,-0.232,-0.232,-0.261,-0.297,-0.243,-0.219,-0.093,-0.229,-0.207,-0.182,-0.193,-0.219,-0.138,-0.126,-0.118,-0.074,-0.017,"","","","","","","","",-0.014,-0.014,"","",-0.055,-0.057,-0.013,"","","","","","",-0.113,-0.123,-0.129,-0.117,-0.11,-0.093,-0.057,-0.037,-0.027,-0.005,"","","","",""
-0.101,-0.087,-0.068,-0.039,-0.016,"","","","",-0.075,-0.098,-0.107,-0.134,-0.175,-0.2,-0.243,-0.282,-0.294,-0.281,-0.278,-0.271,-0.244,-0.221,-0.207,-0.198,-0.191,-0.186,-0.186,-0.19,-0.208,-0.261,-0.283,-0.301,-0.32,-0.302,-0.221,-0.135,-0.148,-0.181,-0.118,-0.13,-0.153,-0.107,-0.062,"","","","","","","","",-0.016,-0.025,"","",-0.029,-0.03,-0.003,"","","","","","","",-0.051,-0.088,-0.095,-0.091,-0.076,-0.057,-0.043,-0.057,-0.035,"","","","",""
-0.121,-0.101,-0.09,-0.078,-0.05,-0.018,"","","","",-0.065,-0.011,-0.049,-0.129,-0.161,-0.218,-0.254,-0.274,-0.269,-0.26,-0.252,-0.232,-0.209,-0.195,-0.182,-0.165,-0.155,-0.152,-0.152,-0.157,-0.214,-0.242,-0.247,-0.238,-0.235,-0.156,-0.123,-0.136,-0.145,-0.116,-0.13,-0.176,-0.182,-0.186,-0.121,"","","","","","","",-0.025,-0.029,"","","",-0.04,-0.024,"","","","","","","",-0.007,-0.056,-0.084,-0.077,-0.058,-0.041,-0.051,-0.059,-0.058,"","","","",""
-0.141,-0.112,-0.094,-0.078,-0.06,-0.026,"","","","","",-0.034,-0.06,-0.099,-0.128,-0.157,-0.198,-0.229,-0.23,-0.237,-0.234,-0.216,-0.199,-0.188,-0.167,-0.14,-0.13,-0.125,-0.116,-0.126,-0.167,-0.182,-0.182,-0.176,-0.166,-0.098,-0.13,-0.126,-0.133,-0.124,-0.144,-0.219,-0.249,-0.297,-0.308,-0.237,"","","","","","","",-0.036,-0.021,"","",-0.046,-0.04,"","","","","","","","",-0.051,-0.069,-0.064,-0.054,-0.032,0.03,-0.026,-0.044,"","","","",""
-0.18,-0.125,-0.088,"","","","","","","","","","",-0.07,-0.101,-0.119,-0.13,-0.15,-0.171,-0.193,-0.216,-0.212,-0.19,-0.17,-0.151,-0.129,-0.115,-0.101,-0.092,-0.097,-0.109,-0.11,-0.109,-0.11,-0.1,-0.085,-0.129,-0.107,-0.107,-0.118,-0.172,-0.249,-0.273,-0.285,-0.26,-0.231,-0.142,-0.058,-0.001,"","","","",-0.028,-0.032,"","",-0.027,-0.007,0.038,"","","","","","","",-0.085,-0.088,"",-0.026,-0.025,"",-0.066,-0.04,"","","","",""
-0.236,-0.173,-0.106,"","","","","","","","","","","",-0.082,-0.093,-0.083,"",-0.066,-0.125,-0.173,-0.213,-0.184,-0.149,-0.153,-0.142,-0.12,-0.094,-0.076,-0.063,-0.059,-0.052,-0.054,-0.052,-0.041,-0.073,-0.127,-0.121,-0.103,-0.138,-0.188,-0.234,-0.253,-0.227,-0.17,-0.14,-0.076,-0.029,0,"","","","",-0.007,-0.026,0.001,"","",0.036,0.1,0.145,"","","","","",-0.133,-0.099,"","",-0.004,-0.024,-0.035,-0.049,-0.046,"","","","",""
-0.3,-0.259,-0.22,-0.19,-0.228,-0.226,"","","","","","","","","","","","","",-0.082,-0.125,-0.169,-0.175,-0.144,-0.139,-0.143,-0.125,-0.096,-0.075,-0.053,-0.026,-0.001,-0.016,-0.035,-0.033,-0.051,-0.108,-0.157,-0.169,-0.18,-0.209,-0.218,-0.204,-0.155,-0.093,-0.062,-0.017,0.004,0,"","","","","",-0.007,0.008,"","","","",0.159,0.106,0.014,-0.025,-0.05,-0.066,-0.065,-0.036,"","","","","",-0.031,-0.023,"","","","",""
-0.356,-0.337,-0.312,-0.31,-0.301,-0.284,-0.282,-0.278,-0.24,"","","","","","","","","","","",-0.09,-0.105,-0.121,-0.109,-0.111,-0.125,-0.125,-0.101,-0.084,-0.058,-0.014,0.015,0.007,-0.019,-0.039,-0.056,-0.08,-0.134,-0.152,-0.126,-0.17,-0.188,-0.18,-0.122,-0.063,-0.008,0.016,0.019,-0.005,"","","","","",0.016,0.021,0.032,"","","","",0.009,-0.005,-0.023,-0.034,-0.032,-0.023,-0.005,"","","","","",-0.004,0.009,"","","","",0.042
