public/layers/ocf2.json
{"header": { "parameterCategory": 2, "parameterNumber": 2, "scanMode": 0, "nx": 161, "ny": 291, "lo1": 110, "la1": 36, "lo2": 126, "la2": 7, "dx": 0.1, "dy": 0.1 }, "data":
[rows 245 to 279 of 291, columns 80 to 159 of 161]
"","","","","","","","","","","","","","","","","","","","","","","","","","","","","","","","","","",-0.099,-0.091,-0.124,-0.216,-0.283,-0.301,-0.209,-0.402,-0.433,-0.413,-0.431,-0.432,-0.413,-0.374,-0.254,-0.16,-0.135,-0.116,-0.088,-0.069,-0.06,-0.057,-0.05,-0.032,-0.013,-0.004,-0.012,0.002,0.016,0.032,0.044,0.056,0.08,0.102,0.103,0.095,0.116,0.113,0.153,0.196,0.122,0.113,0.077,0.09,0.127,0.122
"","","","","","","","","","","","","","","","","","","","","","","","","","","","","","","","","","",-0.05,-0.072,-0.154,-0.284,-0.343,-0.361,-0.328,-0.393,-0.419,-0.458,-0.478,-0.458,-0.447,-0.4,-0.27,-0.215,-0.199,-0.173,-0.164,-0.151,-0.131,-0.104,-0.078,-0.054,-0.062,-0.062,-0.065,-0.055,-0.048,-0.031,-0.003,0.009,0.013,0.042,0.055,0.097,0.077,0.065,0.087,0.094,0.055,0.08,0.075,0.1,0.128,0.121
"","","","","","","","","","","","","","","","","","","","","","","","","","","","","","","","","",-0.014,-0.057,-0.082,-0.133,-0.157,-0.182,-0.32,-0.347,-0.367,-0.418,-0.476,-0.484,-0.465,-0.442,-0.342,-0.267,-0.245,-0.247,-0.231,-0.217,-0.191,-0.166,-0.149,-0.131,-0.118,-0.107,-0.1,-0.091,-0.084,-0.084,-0.066,-0.039,-0.049,-0.026,-0.011,-0.027,0.014,0.002,0.031,0.052,0.061,0.061,0.073,0.09,0.111,0.105,0.088
"","","","","","","","","","","","","","","","","","","","","","","","","","","","","","","","","","","","","","",-0.024,-0.234,-0.335,-0.37,-0.43,-0.48,-0.461,-0.43,-0.346,-0.251,-0.274,-0.254,-0.273,-0.261,-0.24,-0.223,-0.214,-0.202,-0.173,-0.157,-0.159,-0.144,-0.121,-0.126,-0.131,-0.13,-0.094,-0.041,-0.083,-0.091,-0.108,-0.1,-0.071,-0.045,0.007,0.025,0.047,0.083,0.101,0.103,0.071,0.057
"","","","","","","","","","","","","","","","","","","","","","","","","","","","","","","","","","","","","","",-0.108,-0.284,-0.364,-0.398,-0.442,-0.472,-0.45,-0.386,-0.276,-0.252,-0.268,-0.276,-0.275,-0.282,-0.273,-0.265,-0.266,-0.243,-0.229,-0.216,-0.186,-0.18,-0.184,-0.21,-0.21,-0.185,-0.133,-0.142,-0.168,-0.156,-0.165,-0.152,-0.139,-0.116,-0.055,-0.026,0.034,0.056,0.045,0.015,-0.017,-0.045
"","","","","","","","","","","","","","","","","","","","","","","","","","","","","","","","","","","","","","",-0.258,-0.364,-0.404,-0.43,-0.47,-0.478,-0.446,-0.368,-0.286,-0.277,-0.273,-0.26,-0.284,-0.297,-0.298,-0.294,-0.277,-0.267,-0.238,-0.218,-0.196,-0.223,-0.243,-0.249,-0.228,-0.227,-0.236,-0.218,-0.228,-0.19,-0.198,-0.191,-0.172,-0.148,-0.114,-0.036,0.005,-0.004,-0.037,-0.089,-0.131,-0.15
"","","","","","","","","","","","","","","","","","","","","","","","","","","","","","","","","","","","","",-0.375,-0.376,-0.413,-0.412,-0.419,-0.454,-0.478,-0.443,-0.364,-0.292,-0.278,-0.278,-0.272,-0.287,-0.286,-0.281,-0.276,-0.272,-0.26,-0.24,-0.218,-0.216,-0.235,-0.231,-0.228,-0.224,-0.259,-0.266,-0.249,-0.252,-0.217,-0.2,-0.199,-0.186,-0.175,-0.11,-0.074,-0.03,-0.059,-0.113,-0.162,-0.198,-0.222
"","","","","","","","","","","","","","","","","","","","","","","","","","","","","","","","","","","","",-0.474,-0.366,-0.369,-0.362,-0.368,-0.392,-0.44,-0.468,-0.428,-0.353,-0.305,-0.294,-0.273,-0.274,-0.294,-0.315,-0.256,-0.236,-0.248,-0.255,-0.249,-0.209,-0.184,-0.185,-0.204,-0.232,-0.241,-0.271,-0.256,-0.257,-0.245,-0.212,-0.181,-0.187,-0.194,-0.187,-0.153,-0.125,-0.105,-0.131,-0.202,-0.23,-0.253,-0.269
"","","","","","","","","","","","","","","","","","","","","","","","","","","","","","","","","","","",-0.493,-0.367,-0.329,-0.301,-0.291,-0.341,-0.391,-0.439,-0.45,-0.395,-0.348,-0.298,-0.288,-0.279,-0.296,-0.334,-0.306,-0.231,-0.14,-0.153,-0.201,-0.198,-0.176,-0.175,-0.187,-0.223,-0.237,-0.222,-0.238,-0.228,-0.23,-0.215,-0.188,-0.175,-0.2,-0.197,-0.204,-0.201,-0.19,-0.206,-0.248,-0.269,-0.276,-0.286,-0.289
"","","","","","","","","","","","","","","","","","","","","","","","","","","","","","","","","",-0.455,-0.364,-0.312,-0.3,-0.289,-0.274,-0.292,-0.373,-0.41,-0.457,-0.458,-0.355,-0.338,-0.316,-0.322,-0.322,-0.303,-0.293,-0.264,-0.212,-0.118,-0.086,-0.141,-0.177,-0.205,-0.194,-0.193,-0.197,-0.194,-0.187,-0.191,-0.19,-0.199,-0.183,-0.167,-0.176,-0.188,-0.194,-0.214,-0.217,-0.232,-0.251,-0.269,-0.277,-0.28,-0.294,-0.287
"","","","","","","","","","","","","","","","","","","","","","","","","","","","","","","",-0.203,-0.218,-0.214,-0.223,-0.246,-0.257,-0.27,-0.309,-0.371,-0.455,-0.474,-0.478,-0.466,-0.375,-0.325,-0.29,-0.3,-0.289,-0.258,-0.243,-0.207,-0.173,-0.138,-0.11,-0.153,-0.19,-0.192,-0.168,-0.158,-0.152,-0.138,-0.12,-0.115,-0.112,-0.117,-0.13,-0.154,-0.166,-0.193,-0.206,-0.224,-0.237,-0.246,-0.254,-0.265,-0.27,-0.266,-0.281,-0.277
"","","","","","","","","","","","","","","","","","","","","","","","","","","","","","",-0.094,-0.119,-0.152,-0.194,-0.223,-0.228,-0.226,-0.266,-0.367,-0.472,-0.496,-0.471,-0.45,-0.418,-0.373,-0.332,-0.248,-0.23,-0.233,-0.211,-0.222,-0.231,-0.194,-0.187,-0.196,-0.197,-0.195,-0.179,-0.168,-0.151,-0.122,-0.099,-0.078,-0.068,-0.071,-0.094,-0.122,-0.149,-0.17,-0.2,-0.213,-0.227,-0.238,-0.256,-0.258,-0.258,-0.268,-0.271,-0.273,-0.264
"","","","","","","","","","","","","","","","","","","","","","","","","","","","","",-0.03,-0.075,-0.127,-0.171,-0.232,-0.272,-0.27,-0.291,-0.357,-0.427,-0.407,-0.351,-0.384,-0.432,-0.365,-0.336,-0.326,-0.26,-0.208,-0.192,-0.194,-0.227,-0.251,-0.23,-0.222,-0.233,-0.214,-0.206,-0.194,-0.178,-0.151,-0.115,-0.088,-0.066,-0.055,-0.055,-0.075,-0.103,-0.139,-0.171,-0.19,-0.203,-0.225,-0.241,-0.256,-0.261,-0.268,-0.27,-0.276,-0.274,-0.268
"","","","","","","","","","","","","","","","","","","","","","","","","","","","","",-0.03,-0.085,-0.127,-0.174,-0.198,-0.238,-0.305,-0.342,-0.384,-0.362,-0.373,-0.362,-0.38,-0.408,-0.357,-0.295,-0.297,-0.279,-0.234,-0.205,-0.231,-0.255,-0.28,-0.27,-0.255,-0.266,-0.257,-0.233,-0.225,-0.198,-0.162,-0.126,-0.093,-0.08,-0.07,-0.075,-0.095,-0.122,-0.143,-0.167,-0.182,-0.193,-0.207,-0.231,-0.248,-0.258,-0.266,-0.278,-0.281,-0.284,-0.277
"","","","","","","","","","","","","","","","","","","","","","","","","","","","","",-0.03,-0.08,-0.129,-0.183,-0.198,-0.224,-0.256,-0.283,-0.318,-0.384,-0.404,-0.398,-0.41,-0.388,-0.325,-0.314,-0.311,-0.301,-0.281,-0.218,-0.239,-0.276,-0.287,-0.272,-0.259,-0.249,-0.236,-0.219,-0.208,-0.194,-0.173,-0.152,-0.128,-0.105,-0.104,-0.106,-0.115,-0.132,-0.148,-0.168,-0.174,-0.188,-0.204,-0.227,-0.247,-0.257,-0.271,-0.285,-0.292,-0.297,-0.288
"","","","","","","","","","","","","","","","","","","","","","","","","","","","","",-0.038,-0.099,-0.145,-0.175,-0.202,-0.232,-0.258,-0.283,-0.307,-0.343,-0.361,-0.376,-0.394,-0.334,-0.279,-0.301,-0.315,-0.304,-0.315,-0.267,-0.264,-0.288,-0.29,-0.272,-0.254,-0.245,-0.226,-0.216,-0.211,-0.203,-0.194,-0.179,-0.162,-0.156,-0.148,-0.139,-0.132,-0.139,-0.154,-0.164,-0.174,-0.184,-0.197,-0.217,-0.236,-0.254,-0.272,-0.284,-0.304,-0.312,-0.297
"","","","","","","","","","","","","","","","","","","","","","","","","","","","",0.035,-0.053,-0.11,-0.152,-0.181,-0.205,-0.232,-0.258,-0.284,-0.309,-0.336,-0.364,-0.386,-0.418,-0.295,-0.236,-0.302,-0.314,-0.304,-0.293,-0.279,-0.286,-0.308,-0.301,-0.285,-0.263,-0.253,-0.256,-0.252,-0.249,-0.241,-0.225,-0.218,-0.214,-0.209,-0.197,-0.185,-0.165,-0.163,-0.168,-0.17,-0.167,-0.171,-0.177,-0.193,-0.214,-0.239,-0.258,-0.28,-0.301,-0.307,-0.293
"","","","","","","","","","","","","","","","","","","","","","","","","","","","",0.005,-0.062,-0.114,-0.156,-0.184,-0.21,-0.235,-0.26,-0.285,-0.31,-0.332,-0.336,-0.374,-0.441,-0.296,-0.25,-0.304,-0.324,-0.295,-0.294,-0.29,-0.292,-0.315,-0.314,-0.303,-0.298,-0.296,-0.309,-0.316,-0.316,-0.323,-0.311,-0.286,-0.27,-0.263,-0.262,-0.246,-0.219,-0.208,-0.201,-0.181,-0.165,-0.16,-0.161,-0.169,-0.187,-0.211,-0.23,-0.256,-0.267,-0.273,-0.272
"","","","","","","","","","","","","","","","","","","","","","","","","","","","",-0.008,-0.061,-0.11,-0.153,-0.182,-0.21,-0.233,-0.256,-0.28,-0.301,-0.325,-0.347,-0.365,-0.447,-0.328,-0.25,-0.269,-0.317,-0.333,-0.312,-0.305,-0.299,-0.318,-0.334,-0.339,-0.348,-0.361,-0.377,-0.397,-0.408,-0.415,-0.419,-0.404,-0.372,-0.351,-0.345,-0.326,-0.294,-0.27,-0.233,-0.21,-0.194,-0.174,-0.157,-0.153,-0.165,-0.179,-0.192,-0.205,-0.217,-0.218,-0.216
"","","","","","","","","","","","","","","","","","","","","","","","","","","",0.051,-0.008,-0.058,-0.099,-0.139,-0.175,-0.199,-0.22,-0.243,-0.271,-0.291,-0.309,-0.339,-0.338,-0.407,-0.331,-0.205,-0.219,-0.332,-0.372,-0.353,-0.337,-0.329,-0.344,-0.376,-0.394,-0.406,-0.429,-0.455,-0.479,-0.494,-0.509,-0.522,-0.514,-0.487,-0.466,-0.453,-0.421,-0.367,-0.321,-0.299,-0.277,-0.244,-0.201,-0.173,-0.158,-0.15,-0.149,-0.154,-0.153,-0.15,-0.151,-0.145
"","","","","","","","","","","","","","","","","","","","","","","","","","","",0.039,-0.007,-0.043,-0.083,-0.123,-0.159,-0.178,-0.201,-0.231,-0.264,-0.339,-0.319,-0.359,-0.321,-0.408,-0.372,-0.209,-0.205,-0.326,-0.396,-0.395,-0.392,-0.395,-0.414,-0.441,-0.461,-0.475,-0.491,-0.512,-0.534,-0.557,-0.58,-0.597,-0.593,-0.578,-0.551,-0.523,-0.491,-0.458,-0.412,-0.367,-0.331,-0.297,-0.257,-0.229,-0.201,-0.171,-0.152,-0.134,-0.114,-0.101,-0.089,-0.075
"","","","","","","","","","","","","","","","","","","","","","","","","","",0.081,0.032,-0.006,-0.037,-0.075,-0.114,-0.139,-0.166,-0.2,-0.239,-0.264,-0.289,-0.284,-0.337,-0.306,-0.322,-0.361,-0.275,-0.185,-0.268,-0.377,-0.433,-0.461,-0.475,-0.497,-0.52,-0.532,-0.529,-0.535,-0.561,-0.581,-0.606,-0.628,-0.634,-0.625,-0.608,-0.588,-0.558,-0.526,-0.5,-0.47,-0.439,-0.405,-0.374,-0.337,-0.307,-0.271,-0.227,-0.19,-0.152,-0.116,-0.087,-0.065,-0.052
"","","","","","","","","","","","","","","","","","","","","","","","","","",0.06,0.023,-0.008,-0.042,-0.08,-0.112,-0.137,-0.168,-0.205,-0.236,-0.265,-0.287,-0.315,-0.327,-0.283,-0.291,-0.308,-0.233,-0.16,-0.229,-0.362,-0.442,-0.495,-0.523,-0.547,-0.566,-0.573,-0.57,-0.585,-0.594,-0.61,-0.631,-0.646,-0.644,-0.633,-0.617,-0.599,-0.567,-0.529,-0.504,-0.484,-0.466,-0.441,-0.404,-0.369,-0.327,-0.277,-0.237,-0.207,-0.183,-0.151,-0.115,-0.093,-0.077
"","","","","","","","","","","","","","","","","","","","","","","","","","",0.04,0.013,-0.018,-0.054,-0.088,-0.116,-0.146,-0.179,-0.21,-0.245,-0.258,-0.262,-0.295,-0.297,-0.227,-0.224,-0.261,-0.168,-0.146,-0.245,-0.365,-0.443,-0.502,-0.537,-0.555,-0.574,-0.584,-0.594,-0.608,-0.619,-0.635,-0.652,-0.664,-0.654,-0.641,-0.621,-0.598,-0.562,-0.523,-0.487,-0.452,-0.426,-0.398,-0.362,-0.326,-0.282,-0.227,-0.197,-0.197,-0.197,-0.175,-0.152,-0.136,-0.119
"","","","","","","","","","","","","","","","","","","","","","","","","",0.055,0.028,0.002,-0.031,-0.063,-0.092,-0.12,-0.15,-0.181,-0.208,-0.229,-0.243,-0.245,-0.289,-0.249,-0.183,-0.153,-0.152,-0.09,-0.144,-0.287,-0.389,-0.447,-0.496,-0.52,-0.536,-0.565,-0.583,-0.602,-0.624,-0.65,-0.663,-0.673,-0.674,-0.654,-0.636,-0.612,-0.579,-0.537,-0.49,-0.441,-0.404,-0.388,-0.366,-0.325,-0.285,-0.231,-0.17,-0.173,-0.213,-0.233,-0.231,-0.225,-0.201,-0.169
"","","","","","","","","","","","","","","","","","","","","","","","","",0.037,0.019,-0.009,-0.036,-0.065,-0.092,-0.116,-0.145,-0.168,-0.195,-0.206,-0.222,-0.227,-0.247,-0.226,-0.229,-0.149,-0.088,-0.064,-0.173,-0.322,-0.403,-0.432,-0.462,-0.482,-0.504,-0.539,-0.574,-0.609,-0.645,-0.667,-0.678,-0.683,-0.668,-0.638,-0.61,-0.583,-0.548,-0.506,-0.459,-0.42,-0.4,-0.384,-0.351,-0.305,-0.263,-0.194,-0.156,-0.198,-0.254,-0.296,-0.309,-0.292,-0.259,-0.197
"","","","","","","","","","","","","","","","","","","","","","","","","",0.036,0.016,-0.012,-0.037,-0.061,-0.084,-0.105,-0.128,-0.146,-0.135,-0.12,-0.155,-0.142,-0.134,-0.111,-0.119,-0.074,-0.103,-0.136,-0.245,-0.346,-0.376,-0.387,-0.4,-0.419,-0.454,-0.496,-0.558,-0.614,-0.646,-0.665,-0.674,-0.667,-0.64,-0.605,-0.575,-0.548,-0.52,-0.488,-0.453,-0.422,-0.398,-0.377,-0.34,-0.304,-0.251,-0.205,-0.234,-0.26,-0.305,-0.335,-0.328,-0.292,-0.251,-0.168
"","","","","","","","","","","","","","","","","","","","","","","","",0.072,0.038,0.017,-0.006,-0.029,-0.054,-0.066,-0.082,-0.108,-0.1,-0.053,-0.079,-0.093,-0.035,-0.006,-0.018,-0.061,-0.099,-0.152,-0.209,-0.289,-0.329,-0.333,-0.331,-0.333,-0.355,-0.408,-0.466,-0.541,-0.599,-0.636,-0.649,-0.642,-0.621,-0.588,-0.559,-0.543,-0.525,-0.502,-0.479,-0.456,-0.424,-0.39,-0.368,-0.347,-0.32,-0.288,-0.285,-0.294,-0.286,-0.298,-0.308,-0.295,-0.237,-0.206,-0.168
"","","","","","","","","","","","","","","","","","","","","","","","",0.067,0.047,0.024,0,-0.017,-0.034,-0.047,-0.055,-0.064,-0.031,-0.004,0.002,0.027,0.044,0.005,-0.078,-0.154,-0.173,-0.187,-0.227,-0.266,-0.278,-0.278,-0.274,-0.282,-0.317,-0.375,-0.455,-0.534,-0.589,-0.619,-0.617,-0.594,-0.566,-0.537,-0.521,-0.517,-0.51,-0.496,-0.482,-0.456,-0.425,-0.393,-0.369,-0.345,-0.317,-0.299,-0.299,-0.3,-0.271,-0.25,-0.257,-0.216,-0.174,-0.171,-0.166
"","","","","","","","","","","","","","","","","","","","","","","",0.084,0.086,0.059,0.031,0.015,0.011,0.009,0.039,0.075,0.08,0.113,0.118,0.097,0.059,-0.002,-0.033,-0.115,-0.191,-0.185,-0.179,-0.194,-0.21,-0.215,-0.222,-0.228,-0.249,-0.298,-0.364,-0.456,-0.532,-0.572,-0.589,-0.583,-0.558,-0.527,-0.506,-0.5,-0.507,-0.506,-0.495,-0.48,-0.462,-0.432,-0.398,-0.365,-0.336,-0.323,-0.312,-0.304,-0.276,-0.243,-0.178,-0.123,-0.089,-0.119,-0.14,-0.113
"","","","","","","","","","","","","","","","","","","","",0.068,0.063,0.118,0.18,0.163,0.118,0.103,0.114,0.124,0.146,0.175,0.168,0.155,0.144,0.103,0.043,-0.016,-0.04,-0.049,-0.087,-0.14,-0.137,-0.127,-0.145,-0.156,-0.159,-0.172,-0.194,-0.23,-0.283,-0.353,-0.44,-0.498,-0.538,-0.55,-0.543,-0.526,-0.507,-0.494,-0.495,-0.497,-0.497,-0.491,-0.477,-0.46,-0.439,-0.411,-0.377,-0.353,-0.338,-0.319,-0.303,-0.25,-0.201,-0.098,0.006,-0.013,-0.114,-0.136,-0.079
"","","","","","","","","","","","","","","","","",0.056,0.076,0.106,0.124,0.171,0.251,0.287,0.27,0.24,0.226,0.223,0.225,0.215,0.178,0.135,0.124,0.096,0.062,0.023,-0.004,-0.026,-0.031,-0.048,-0.076,-0.079,-0.071,-0.082,-0.105,-0.119,-0.143,-0.169,-0.204,-0.258,-0.326,-0.39,-0.438,-0.483,-0.495,-0.495,-0.487,-0.477,-0.472,-0.474,-0.476,-0.475,-0.475,-0.463,-0.449,-0.441,-0.433,-0.415,-0.395,-0.361,-0.337,-0.309,-0.23,-0.159,-0.076,0.036,-0.041,-0.115,-0.108,-0.054
"","","","","","","","","","","","","","",0,0.039,0.067,0.098,0.13,0.154,0.177,0.213,0.243,0.247,0.223,0.202,0.196,0.193,0.191,0.178,0.141,0.112,0.102,0.094,0.074,0.054,0.044,0.017,-0.009,-0.012,-0.027,-0.027,-0.023,-0.025,-0.046,-0.074,-0.107,-0.132,-0.161,-0.211,-0.273,-0.332,-0.375,-0.407,-0.425,-0.431,-0.433,-0.435,-0.435,-0.434,-0.433,-0.437,-0.448,-0.452,-0.451,-0.456,-0.46,-0.46,-0.441,-0.401,-0.37,-0.311,-0.234,-0.163,-0.128,-0.095,-0.112,-0.116,-0.107,-0.04
"","","","","","","","","","","","","",0.022,0.077,0.101,0.13,0.165,0.18,0.173,0.172,0.182,0.197,0.201,0.196,0.187,0.187,0.184,0.172,0.168,0.15,0.14,0.135,0.133,0.116,0.102,0.089,0.062,0.028,0.012,-0.003,-0.006,-0.001,0.002,0.003,-0.019,-0.054,-0.082,-0.109,-0.157,-0.21,-0.267,-0.308,-0.334,-0.352,-0.368,-0.38,-0.385,-0.387,-0.388,-0.391,-0.397,-0.416,-0.435,-0.456,-0.474,-0.485,-0.497,-0.475,-0.442,-0.398,-0.326,-0.267,-0.223,-0.198,-0.221,-0.182,-0.146,-0.093,0.006
"","","","","","","","","","","","",0,0.077,0.107,0.15,0.183,0.202,0.201,0.197,0.19,0.197,0.197,0.198,0.206,0.207,0.218,0.207,0.207,0.196,0.183,0.18,0.177,0.175,0.153,0.132,0.102,0.082,0.059,0.038,0.016,0.004,0.006,0.003,0.008,0.013,-0.012,-0.045,-0.072,-0.109,-0.15,-0.194,-0.229,-0.264,-0.299,-0.324,-0.342,-0.349,-0.347,-0.343,-0.348,-0.355,-0.38,-0.412,-0.446,-0.474,-0.494,-0.505,-0.49,-0.455,-0.402,-0.338,-0.285,-0.255,-0.268,-0.279,-0.249,-0.193,-0.098,0.006
