public/layers/ocf2.json
{"header": { "parameterCategory": 2, "parameterNumber": 3, "scanMode": 0, "nx": 161, "ny": 291, "lo1": 110, "la1": 36, "lo2": 126, "la2": 7, "dx": 0.1, "dy": 0.1 }, "data":
[rows 180 to 215 of 291, columns 80 to 159 of 161]
"","","","","","","","","","",0.206,0.217,0.226,0.268,0.265,0.251,0.242,0.259,0.265,0.281,0.22,0.126,0.093,0.186,0.34,0.463,0.59,0.676,0.58,0.507,0.203,"","","","","","","","","",0.151,0.13,0.44,0.833,0.957,0.931,0.825,0.734,0.661,0.57,0.451,0.311,0.196,0.13,0.175,0.269,0.332,0.383,0.386,0.321,0.235,0.139,0.088,0.048,0.005,-0.04,-0.08,-0.108,-0.038,-0.036,0.006,0.093,0.112,0.07,0.07,0.089,0.09,0.055,0.052,0.057
"","","","","","","","","",0.004,0.35,0.076,0.191,0.184,0.265,0.18,0.255,0.302,0.315,0.332,0.314,0.207,0.148,0.189,0.294,0.381,0.488,0.622,0.619,0.545,0.382,0.066,"","","","","","","","",0.108,0.058,0.314,0.669,0.863,0.85,0.777,0.679,0.629,0.547,0.436,0.357,0.26,0.179,0.169,0.199,0.283,0.342,0.389,0.377,0.294,0.198,0.132,0.072,0.024,-0.061,-0.131,-0.154,-0.133,-0.089,-0.028,-0.007,0.062,0.069,0.066,0.073,0.068,0.012,-0.045,-0.063
"","","","","","","","","","",0.23,"","","",0.499,"",0.368,0.289,0.344,0.384,0.369,0.308,0.226,0.246,0.33,0.382,0.436,0.493,0.582,0.578,0.498,0.235,0.053,0.048,0.052,"","",0.01,0.04,0.028,0.127,0.059,0.232,0.53,0.749,0.81,0.758,0.681,0.613,0.537,0.447,0.387,0.324,0.249,0.224,0.212,0.228,0.271,0.329,0.353,0.327,0.258,0.185,0.109,0.036,-0.057,-0.133,-0.174,-0.169,-0.135,-0.085,0.001,0.03,0.057,0.093,0.061,0.084,0.006,-0.079,-0.139
"","","","","","","","","","","","","","",0.415,0.068,0.12,0.247,0.269,0.385,0.404,0.364,0.303,0.309,0.363,0.395,0.437,0.448,0.465,0.509,0.533,0.439,0.238,0.07,-0.086,0.054,0.029,-0.019,-0.001,0.094,0.176,0.168,0.287,0.436,0.644,0.748,0.743,0.698,0.635,0.559,0.482,0.425,0.359,0.302,0.262,0.243,0.249,0.269,0.302,0.335,0.344,0.309,0.254,0.163,0.072,-0.014,-0.084,-0.124,-0.133,-0.121,-0.088,-0.036,0.057,0.075,0.1,0.108,0.099,0.034,-0.086,-0.161
"","","","","","","","","","","","",0.107,0.245,0.309,0.157,"",0.188,0.246,0.273,0.408,0.415,0.334,0.346,0.382,0.386,0.429,0.452,0.434,0.453,0.477,0.526,0.416,0.244,0.055,0.029,-0.014,-0.065,-0.11,0.027,0.215,0.272,0.364,0.446,0.585,0.655,0.683,0.667,0.62,0.551,0.483,0.425,0.372,0.33,0.3,0.277,0.276,0.29,0.321,0.349,0.37,0.357,0.321,0.25,0.162,0.072,0.013,-0.036,-0.05,-0.035,-0.03,0.007,0.069,0.13,0.13,0.132,0.106,0.066,-0.033,-0.121
"","","","","","","","","","","","","","",0.109,"",0.057,"","",0.321,0.463,0.435,0.341,0.354,0.371,0.361,0.379,0.426,0.438,0.446,0.474,0.499,0.502,0.317,0.27,0.125,-0.03,-0.166,-0.143,-0.075,0.046,0.172,0.366,0.458,0.525,0.58,0.595,0.579,0.552,0.499,0.444,0.397,0.356,0.324,0.306,0.304,0.326,0.339,0.353,0.383,0.403,0.407,0.386,0.346,0.286,0.207,0.153,0.108,0.079,0.061,0.075,0.09,0.111,0.149,0.147,0.166,0.178,0.123,0.045,-0.03
"","","","","","","","","","","","","","","",0.036,-0.036,"","",0.229,0.459,0.46,0.371,0.317,0.314,0.332,0.365,0.382,0.393,0.405,0.43,0.433,0.393,0.276,0.38,0.31,0.081,-0.057,-0.132,-0.103,-0.086,-0.098,0.18,0.326,0.425,0.508,0.495,0.485,0.471,0.445,0.407,0.371,0.334,0.311,0.283,0.274,0.29,0.286,0.348,0.376,0.394,0.392,0.387,0.379,0.367,0.334,0.298,0.272,0.259,0.217,0.184,0.202,0.193,0.208,0.207,0.208,0.195,0.185,0.12,0.038
"","","","","","","","","","","","","","","","",-0.4,-0.016,0.126,0.186,0.429,0.476,0.359,0.265,0.253,0.294,0.325,0.323,0.327,0.342,0.369,0.379,0.347,0.336,0.431,0.365,0.144,0.131,-0.013,-0.056,-0.067,-0.008,0.109,0.255,0.335,0.378,0.375,0.35,0.366,0.365,0.336,0.297,0.265,0.236,0.195,0.119,0.097,0.216,0.273,0.307,0.325,0.317,0.323,0.347,0.366,0.384,0.391,0.393,0.391,0.383,0.337,0.299,0.305,0.277,0.273,0.241,0.211,0.159,0.128,0.063
"","","","","","","","","","","","","","","","","",0.11,0.216,0.207,0.298,0.397,0.323,0.233,0.207,0.249,0.292,0.301,0.305,0.324,0.336,0.352,0.347,0.328,0.353,0.294,0.195,0.255,0.13,-0.006,-0.037,-0.01,0.088,0.218,0.315,0.347,0.332,0.298,0.271,0.267,0.24,0.202,0.169,0.18,0.221,0.233,-0.006,-0.097,0.099,0.188,0.217,0.245,0.28,0.291,0.315,0.346,0.395,0.409,0.449,0.471,0.472,0.432,0.381,0.364,0.355,0.29,0.231,0.171,0.121,0.074
"","","","","","","","","","","","","","","","","",0.148,0.215,0.181,0.19,0.294,0.291,0.21,0.18,0.215,0.26,0.287,0.284,0.308,0.328,0.332,0.305,0.263,0.253,0.232,0.232,0.286,0.226,0.097,0.04,0.01,0.042,0.122,0.235,0.306,0.307,0.271,0.228,0.191,0.153,0.112,0.103,0.125,0.179,0.197,0.183,0.031,0.022,0.064,0.114,0.167,0.214,0.258,0.278,0.261,0.297,0.376,0.437,0.486,0.516,0.516,0.482,0.444,0.417,0.339,0.261,0.19,0.122,0.081
"","","","","","","","","","","","","","","","","","",0.208,0.118,0.14,0.279,0.29,0.24,0.186,0.189,0.218,0.237,0.239,0.253,0.284,0.294,0.275,0.223,0.212,0.244,0.258,0.272,0.252,0.147,0.103,0.118,0.075,0.076,0.118,0.159,0.169,0.143,0.108,0.07,0.033,0.017,0.034,0.081,0.118,0.139,0.122,0.031,0.026,0.035,0.073,0.125,0.172,0.212,0.248,0.252,0.265,0.348,0.408,0.47,0.52,0.549,0.547,0.518,0.476,0.399,0.304,0.217,0.14,0.089
"","","","","","","","","","","","","","","","","",-0.023,0.11,0.167,0.103,0.204,0.276,0.245,0.176,0.15,0.185,0.213,0.208,0.223,0.246,0.266,0.265,0.229,0.233,0.262,0.271,0.259,0.201,0.125,0.093,0.149,0.137,0.119,0.099,0.097,0.084,0.06,0.033,0.017,0.005,0.011,0.056,0.096,0.123,0.136,0.124,0.099,0.087,0.102,0.128,0.151,0.171,0.2,0.236,0.267,0.298,0.355,0.408,0.458,0.524,0.569,0.59,0.582,0.54,0.459,0.353,0.258,0.17,0.114
"","","","","","","","","","","","","","","","","",0.006,0.06,0.095,0.181,0.271,0.243,0.219,0.194,0.161,0.164,0.17,0.188,0.215,0.238,0.254,0.255,0.248,0.244,0.239,0.23,0.224,0.177,0.107,0.09,0.156,0.152,0.127,0.115,0.097,0.075,0.051,0.035,0.036,0.047,0.096,0.121,0.129,0.122,0.111,0.113,0.126,0.142,0.17,0.189,0.205,0.224,0.251,0.275,0.303,0.338,0.391,0.43,0.494,0.546,0.592,0.627,0.629,0.599,0.522,0.412,0.313,0.219,0.153
"","","","","","","","","","","","","","","","","","","",0.064,0.018,0.211,0.257,0.256,0.251,0.227,0.168,0.159,0.171,0.204,0.23,0.242,0.245,0.236,0.22,0.201,0.181,0.166,0.145,0.123,0.131,0.182,0.187,0.126,0.069,0.048,0.048,0.048,0.06,0.073,0.107,0.152,0.147,0.095,0.05,0.046,0.087,0.136,0.179,0.217,0.246,0.256,0.259,0.276,0.305,0.331,0.376,0.411,0.456,0.519,0.563,0.614,0.643,0.645,0.625,0.563,0.469,0.373,0.281,0.207
"","","","","","","","","","","","","","","","","",0.015,-0.297,0.069,0.011,0.1,0.184,0.156,0.267,0.361,0.235,0.173,0.157,0.173,0.199,0.211,0.213,0.208,0.191,0.171,0.154,0.149,0.152,0.141,0.152,0.189,0.194,0.133,0.042,-0.01,0.009,0.047,0.094,0.119,0.179,0.17,0.09,-0.005,-0.046,-0.014,0.059,0.131,0.2,0.246,0.273,0.288,0.304,0.321,0.333,0.339,0.361,0.409,0.466,0.512,0.56,0.609,0.645,0.65,0.646,0.595,0.516,0.43,0.348,0.274
"","","","","","","","","","","","","","","","","","",0.243,-0.055,0.047,0.132,0.322,0.289,0.231,0.177,0.164,0.189,0.167,0.135,0.138,0.169,0.187,0.19,0.187,0.177,0.148,0.123,0.135,0.14,0.138,0.149,0.15,0.096,0.034,-0.016,0.001,0.06,0.13,0.165,0.181,0.134,0.01,-0.079,-0.087,-0.032,0.046,0.124,0.188,0.242,0.272,0.291,0.323,0.351,0.37,0.375,0.361,0.391,0.453,0.517,0.569,0.612,0.643,0.661,0.659,0.643,0.585,0.508,0.424,0.352
"","","","","","","","","","","","","","","","",-0.004,"",0.083,"",0.02,0.083,0.174,0.379,0.33,0.235,0.204,0.216,0.176,0.122,0.096,0.11,0.144,0.177,0.196,0.185,0.147,0.118,0.127,0.141,0.126,0.113,0.09,0.059,0.024,0.008,0.033,0.1,0.165,0.202,0.183,0.092,-0.043,-0.109,-0.094,-0.026,0.059,0.128,0.189,0.231,0.254,0.272,0.301,0.344,0.373,0.384,0.378,0.37,0.391,0.451,0.53,0.611,0.641,0.66,0.666,0.671,0.665,0.606,0.522,0.438
"","","","","","","","","","","","","","","","",0.149,0.07,0.198,"","","",0.12,0.204,0.307,0.292,0.249,0.225,0.2,0.168,0.126,0.098,0.1,0.143,0.172,0.17,0.141,0.107,0.114,0.133,0.128,0.107,0.085,0.059,0.049,0.062,0.107,0.161,0.207,0.213,0.157,0.039,-0.079,-0.127,-0.094,-0.008,0.088,0.164,0.198,0.22,0.234,0.252,0.274,0.307,0.337,0.364,0.36,0.337,0.323,0.341,0.398,0.491,0.584,0.648,0.686,0.715,0.729,0.707,0.63,0.534
"","","","","","","","","","","","","","","","","",0.221,0.154,"","","",0.05,0.11,0.193,0.262,0.283,0.261,0.22,0.196,0.183,0.136,0.098,0.106,0.132,0.136,0.112,0.084,0.102,0.132,0.14,0.123,0.103,0.095,0.097,0.129,0.165,0.224,0.256,0.232,0.141,0.017,-0.087,-0.121,-0.081,0.012,0.111,0.193,0.225,0.228,0.228,0.242,0.27,0.292,0.306,0.325,0.344,0.345,0.335,0.318,0.332,0.38,0.461,0.56,0.662,0.715,0.753,0.765,0.73,0.638
"","","","","","","","","","","","","","","","","","","","","","",0.011,0.045,0.105,0.196,0.257,0.276,0.295,0.283,0.25,0.228,0.165,0.135,0.112,0.104,0.078,0.072,0.113,0.145,0.155,0.147,0.138,0.147,0.16,0.193,0.227,0.26,0.277,0.243,0.143,0.025,-0.069,-0.099,-0.069,0.009,0.113,0.2,0.236,0.235,0.231,0.237,0.268,0.279,0.286,0.296,0.315,0.334,0.348,0.348,0.35,0.372,0.404,0.463,0.556,0.648,0.733,0.781,0.787,0.741
"","","","","","","","","","","","","","","","","","","","","","","",0.084,0.071,0.15,0.256,0.266,0.253,0.347,0.389,0.327,0.272,0.206,0.149,0.068,0.058,0.09,0.138,0.175,0.194,0.184,0.161,0.168,0.202,0.248,0.284,0.292,0.273,0.229,0.145,0.03,-0.049,-0.075,-0.066,-0.011,0.07,0.165,0.226,0.248,0.26,0.257,0.253,0.264,0.274,0.274,0.28,0.289,0.3,0.319,0.338,0.362,0.395,0.434,0.478,0.555,0.639,0.74,0.809,0.811
"","","","","","","","","","","","","","","","","","","","","","","","","",0.077,0.222,0.258,0.224,0.262,0.382,0.393,0.316,0.249,0.183,0.087,0.052,0.106,0.157,0.184,0.219,0.242,0.236,0.217,0.196,0.237,0.31,0.336,0.303,0.242,0.154,0.042,-0.052,-0.088,-0.066,-0.008,0.054,0.093,0.105,0.142,0.207,0.25,0.264,0.272,0.285,0.279,0.278,0.272,0.261,0.256,0.269,0.302,0.361,0.402,0.44,0.479,0.556,0.662,0.773,0.832
"","","","","","","","","","","","","","","","","","","","","","","","","","",0.232,0.223,0.195,0.217,0.321,0.358,0.343,0.28,0.209,0.137,0.09,0.122,0.172,0.194,0.216,0.261,0.273,0.271,0.258,0.242,0.284,0.326,0.288,0.213,0.132,0.046,-0.041,-0.096,-0.077,-0.016,0.042,0.063,0.066,0.086,0.137,0.195,0.232,0.25,0.244,0.241,0.231,0.225,0.207,0.19,0.207,0.221,0.287,0.364,0.42,0.454,0.499,0.582,0.694,0.798
"","","","","","","","","","","","","","","","","","","","","","","","","","","",0.179,0.174,0.21,0.299,0.295,0.32,0.306,0.259,0.207,0.174,0.193,0.203,0.209,0.202,0.226,0.279,0.306,0.31,0.296,0.281,0.291,0.272,0.211,0.157,0.074,-0.02,-0.038,-0.034,-0.022,0.006,0.024,0.068,0.116,0.141,0.157,0.175,0.18,0.194,0.213,0.209,0.19,0.19,0.165,0.139,0.144,0.212,0.295,0.368,0.422,0.467,0.52,0.604,0.727
"","","","","","","","","","","","","","","","","","","","","","","","","","","",0.136,0.137,0.154,0.189,0.225,0.315,0.334,0.306,0.242,0.222,0.255,0.267,0.237,0.237,0.251,0.275,0.307,0.316,0.301,0.277,0.264,0.261,0.228,0.173,0.121,0.036,-0.053,-0.044,-0.031,-0.008,0.005,0.034,0.073,0.1,0.112,0.13,0.15,0.164,0.181,0.187,0.174,0.16,0.153,0.147,0.127,0.127,0.18,0.27,0.35,0.411,0.466,0.531,0.614
"","","","","","","","","","","","","","","","","","","","","","","","","","","",0.022,0.091,0.129,0.137,0.116,0.258,0.336,0.325,0.273,0.268,0.31,0.338,0.318,0.279,0.276,0.298,0.325,0.334,0.317,0.29,0.266,0.246,0.221,0.183,0.17,0.116,0.069,0.006,-0.02,-0.029,-0.025,-0.009,0.024,0.062,0.098,0.124,0.152,0.172,0.169,0.182,0.183,0.173,0.159,0.159,0.165,0.161,0.153,0.189,0.265,0.331,0.394,0.457,0.527
"","","","","","","","","","","","","","","","","","","","","","","","","","","",-0.04,0.033,0.109,0.095,0.092,0.193,0.319,0.309,0.265,0.266,0.33,0.398,0.399,0.366,0.323,0.311,0.325,0.34,0.331,0.302,0.269,0.242,0.225,0.21,0.183,0.164,0.153,0.12,0.053,-0.019,-0.039,-0.037,-0.013,0.017,0.034,0.086,0.141,0.165,0.189,0.195,0.207,0.205,0.2,0.175,0.179,0.193,0.195,0.207,0.235,0.275,0.32,0.375,0.432
"","","","","","","","","","","","","","","","","","","","","","","","","","","","",-0.016,0.064,0.062,0.035,0.19,0.319,0.296,0.227,0.229,0.312,0.409,0.448,0.427,0.385,0.342,0.328,0.338,0.336,0.315,0.279,0.247,0.233,0.234,0.225,0.206,0.188,0.162,0.119,0.058,0.002,-0.021,-0.026,-0.003,0.043,0.076,0.131,0.171,0.193,0.19,0.195,0.21,0.207,0.191,0.176,0.17,0.175,0.187,0.214,0.24,0.273,0.313,0.361
"","","","","","","","","","","","","","","","","","","","","","","","","","","","","",0.034,0.029,"",0.254,0.31,0.277,0.259,0.205,0.229,0.334,0.427,0.465,0.446,0.398,0.353,0.343,0.338,0.32,0.286,0.257,0.25,0.252,0.25,0.237,0.22,0.192,0.152,0.089,-0.001,-0.035,-0.023,-0.011,0.026,0.078,0.113,0.151,0.181,0.19,0.172,0.181,0.195,0.201,0.202,0.182,0.152,0.14,0.176,0.214,0.249,0.274,0.304
"","","","","","","","","","","","","","","","","","","","","","","","","","","","","","","","","",0.216,0.223,0.195,0.201,0.176,0.246,0.374,0.464,0.48,0.448,0.402,0.374,0.354,0.322,0.287,0.262,0.25,0.246,0.243,0.235,0.218,0.201,0.172,0.129,0.066,0,-0.022,-0.011,0.006,0.055,0.094,0.124,0.153,0.182,0.192,0.185,0.184,0.184,0.188,0.181,0.154,0.108,0.093,0.155,0.211,0.251,0.284
"","","","","","","","","","","","","","","","","","","","","","","","","","","","","","","","","",0.153,0.164,0.154,0.157,0.17,0.178,0.279,0.414,0.478,0.483,0.457,0.418,0.38,0.347,0.303,0.265,0.238,0.219,0.204,0.194,0.176,0.156,0.147,0.131,0.096,0.029,-0.014,-0.019,-0.008,0.023,0.073,0.104,0.133,0.154,0.176,0.167,0.152,0.156,0.167,0.172,0.148,0.106,0.074,0.085,0.13,0.186,0.234
"","","","","","","","","","","","","","","","","","","","","","","","","","","","","","","","","","","",0.156,0.111,0.123,0.143,0.194,0.338,0.466,0.505,0.489,0.45,0.415,0.373,0.321,0.272,0.231,0.202,0.181,0.155,0.124,0.093,0.087,0.096,0.089,0.062,0.004,-0.018,-0.005,0.018,0.048,0.081,0.111,0.12,0.127,0.144,0.142,0.138,0.152,0.159,0.145,0.127,0.084,0.056,0.081,0.125,0.17
"","","","","","","","","","","","","","","","","","","","","","","","","","","","","","","","","","","",0.125,0.091,0.11,0.122,0.123,0.207,0.361,0.463,0.493,0.474,0.43,0.381,0.333,0.288,0.252,0.211,0.171,0.131,0.096,0.064,0.044,0.045,0.061,0.057,0.022,0,-0.006,0.017,0.04,0.062,0.076,0.095,0.11,0.115,0.124,0.125,0.137,0.151,0.135,0.11,0.078,0.027,0.012,0.056,0.129
"","","","","","","","","","","","","","","","","","","","","","","","","","","","","","","","","","","","","",0.13,0.065,0.036,0.075,0.245,0.386,0.46,0.465,0.43,0.398,0.369,0.333,0.284,0.221,0.166,0.133,0.101,0.071,0.038,0.028,0.045,0.051,0.033,0.007,0.002,0.023,0.047,0.067,0.074,0.082,0.084,0.098,0.106,0.108,0.113,0.141,0.154,0.14,0.106,0.026,-0.053,-0.023,0.074
"","","","","","","","","","","","","","","","","","","","","","","","","","","","","","","","","","","","","","",-0.045,-0.065,-0.016,0.154,0.314,0.406,0.449,0.441,0.421,0.402,0.363,0.307,0.237,0.176,0.133,0.112,0.1,0.077,0.064,0.059,0.053,0.035,0.031,0.032,0.031,0.05,0.073,0.078,0.074,0.071,0.06,0.069,0.081,0.105,0.13,0.152,0.165,0.153,0.13,0.104,0.021,0.024
"","","","","","","","","","","","","","","","","","","","","","","","","","","","","","","","","","","","","",-0.107,-0.128,-0.124,-0.066,0.084,0.253,0.338,0.4,0.426,0.424,0.409,0.38,0.328,0.265,0.169,0.15,0.153,0.127,0.111,0.108,0.095,0.085,0.071,0.055,0.062,0.069,0.078,0.082,0.083,0.079,0.07,0.056,0.047,0.065,0.096,0.134,0.151,0.165,0.174,0.169,0.133,0.114,0.071
